# The first two lines (below the comment lines) indicate the name of the vocal fold model and the number of states.
# The following lines contain the control parameters of the vocal folds and the vocal tract (states)
# in steps of 110 audio samples (corresponding to about 2.5 ms for the sampling rate of 44100 Hz).
# For every step, there is one line with the vocal fold parameters followed by
# one line with the vocal tract parameters.
#
Geometric glottis
392
101.594 0 0.0102 0.02035 0.05 1.22204 1 0.05 0 25 -10 
0.1667 -3.9392 0 -4.1498 0.0718 0.9937 0.8 -0.1 0.1524 -1.8333 4.2474 -1.694 2.5488 -0.675 -2.8371 -2.9034 0.2064 0.0384 0.1488 
101.594 0 0.0102 0.02035 0.05 1.22204 1 0.05 0 25 -10 
0.1667 -3.9392 0 -4.1498 0.0718 0.9937 0.8 -0.1 0.1524 -1.8333 4.2474 -1.694 2.5488 -0.675 -2.8371 -2.9034 0.2064 0.0384 0.1488 
101.594 0 0.0102 0.02035 0.05 1.22204 1 0.05 0 25 -10 
0.1667 -3.9392 0 -4.1498 0.0718 0.9937 0.8 -0.1 0.1524 -1.8333 4.2474 -1.694 2.5488 -0.675 -2.8371 -2.9034 0.2064 0.0384 0.1488 
101.594 0 0.0102 0.02035 0.05 1.22204 1 0.05 0 25 -10 
0.1667 -3.9392 0 -4.1498 0.0718 0.9937 0.8 -0.1 0.1524 -1.8333 4.2474 -1.694 2.5488 -0.675 -2.8371 -2.9034 0.2064 0.0384 0.1488 
101.594 0 0.0102 0.02035 0.05 1.22204 1 0.05 0 25 -10 
0.1667 -3.9392 0 -4.1498 0.0718 0.9937 0.8 -0.1 0.1524 -1.8333 4.2474 -1.694 2.5488 -0.675 -2.8371 -2.9034 0.2064 0.0384 0.1488 
101.594 0 0.0102 0.02035 0.05 1.22204 1 0.05 0 25 -10 
0.1667 -3.9392 0 -4.1498 0.0718 0.9937 0.8 -0.1 0.1524 -1.8333 4.2474 -1.694 2.5488 -0.675 -2.8371 -2.9034 0.2064 0.0384 0.1488 
101.594 0 0.0102 0.02035 0.05 1.22204 1 0.05 0 25 -10 
0.1667 -3.9392 0 -4.1498 0.0718 0.9937 0.8 -0.1 0.1524 -1.8333 4.2474 -1.694 2.5488 -0.675 -2.8371 -2.9034 0.2064 0.0384 0.1488 
101.594 0 0.0102 0.02035 0.05 1.22204 1 0.05 0 25 -10 
0.1667 -3.9392 0 -4.1498 0.0718 0.9937 0.8 -0.1 0.1524 -1.8333 4.2474 -1.694 2.5488 -0.675 -2.8371 -2.9034 0.2064 0.0384 0.1488 
101.594 0 0.0102 0.02035 0.05 1.22204 1 0.05 0 25 -10 
0.1667 -3.9392 0 -4.1498 0.0718 0.9937 0.8 -0.1 0.1524 -1.8333 4.2474 -1.694 2.5488 -0.675 -2.8371 -2.9034 0.2064 0.0384 0.1488 
101.595 0 0.0102 0.02035 0.05 1.22204 1 0.05 0 25 -10 
0.1667 -3.9392 0 -4.1498 0.0718 0.9937 0.8 -0.1 0.1524 -1.8333 4.2474 -1.694 2.5488 -0.675 -2.8371 -2.9034 0.2064 0.0384 0.1488 
101.597 0 0.0102 0.02035 0.05 1.22204 1 0.05 0 25 -10 
0.1667 -3.9392 0 -4.1498 0.0718 0.9937 0.8 -0.1 0.1524 -1.8333 4.2474 -1.694 2.5488 -0.675 -2.8371 -2.9034 0.2064 0.0384 0.1488 
101.6 0 0.0102 0.02035 0.05 1.22204 1 0.05 0 25 -10 
0.1667 -3.9392 0 -4.1498 0.0718 0.9937 0.8 -0.1 0.1524 -1.8333 4.2474 -1.694 2.5488 -0.675 -2.8371 -2.9034 0.2064 0.0384 0.1488 
101.605 0 0.0102 0.02035 0.05 1.22204 1 0.05 0 25 -10 
0.1667 -3.9392 0 -4.1498 0.0718 0.9937 0.8 -0.1 0.1524 -1.8333 4.2474 -1.694 2.5488 -0.675 -2.8371 -2.9034 0.2064 0.0384 0.1488 
101.612 0 0.0102 0.02035 0.05 1.22204 1 0.05 0 25 -10 
0.1667 -3.9392 0 -4.1498 0.0718 0.9937 0.8 -0.1 0.1524 -1.8333 4.2474 -1.694 2.5488 -0.675 -2.8371 -2.9034 0.2064 0.0384 0.1488 
101.623 0 0.0102 0.02035 0.05 1.22204 1 0.05 0 25 -10 
0.1667 -3.9392 0 -4.1498 0.0718 0.9937 0.8 -0.1 0.1524 -1.8333 4.2474 -1.694 2.5488 -0.675 -2.8371 -2.9034 0.2064 0.0384 0.1488 
101.638 0 0.0102 0.02035 0.05 1.22204 1 0.05 0 25 -10 
0.1667 -3.9392 0 -4.1498 0.0718 0.9937 0.8 -0.1 0.1524 -1.8333 4.2474 -1.694 2.5488 -0.675 -2.8371 -2.9034 0.2064 0.0384 0.1488 
101.657 0 0.0102 0.02035 0.05 1.22204 1 0.05 0 25 -10 
0.1667 -3.9392 0 -4.1498 0.0718 0.9937 0.8 -0.1 0.1524 -1.8333 4.2474 -1.694 2.5488 -0.675 -2.8371 -2.9034 0.2064 0.0384 0.1488 
101.683 0 0.0102 0.02035 0.05 1.22204 1 0.05 0 25 -10 
0.1667 -3.9392 0 -4.1498 0.0718 0.9937 0.8 -0.1 0.1524 -1.8333 4.2474 -1.694 2.5488 -0.675 -2.8371 -2.9034 0.2064 0.0384 0.1488 
101.714 0 0.0102 0.02035 0.05 1.22204 1 0.05 0 25 -10 
0.1667 -3.9392 0 -4.1498 0.0718 0.9937 0.8 -0.1 0.1524 -1.8333 4.2474 -1.694 2.5488 -0.675 -2.8371 -2.9034 0.2064 0.0384 0.1488 
101.753 0 0.0102 0.02035 0.05 1.22204 1 0.05 0 25 -10 
0.1667 -3.9392 0 -4.1498 0.0718 0.9937 0.8 -0.1 0.1524 -1.8333 4.2474 -1.694 2.5488 -0.675 -2.8371 -2.9034 0.2064 0.0384 0.1488 
101.799 0 0.0102 0.02035 0.05 1.22204 1 0.05 0 25 -10 
0.1667 -3.9392 0 -4.1498 0.0718 0.9937 0.8 -0.1 0.1524 -1.8333 4.2474 -1.694 2.5488 -0.675 -2.8371 -2.9034 0.2064 0.0384 0.1488 
101.854 0 0.0102 0.02035 0.05 1.22204 1 0.05 0 25 -10 
0.1667 -3.9392 0 -4.1498 0.0718 0.9937 0.8 -0.1 0.1524 -1.8333 4.2474 -1.694 2.5488 -0.675 -2.8371 -2.9034 0.2064 0.0384 0.1488 
101.918 0.409599 0.0102 0.02035 0.05 1.22204 1 0.05 0 25 -10 
0.1667 -3.9392 0 -4.1498 0.0718 0.9937 0.8 -0.1 0.1524 -1.8333 4.2474 -1.694 2.5488 -0.675 -2.8371 -2.9034 0.2064 0.0384 0.1488 
101.992 16.904 0.0102 0.02035 0.05 1.22204 1 0.05 0 25 -10 
0.1667 -3.9392 0 -4.1498 0.0718 0.9937 0.8 -0.1 0.1524 -1.8333 4.2474 -1.694 2.5488 -0.675 -2.8371 -2.9034 0.2064 0.0384 0.1488 
102.075 105.598 0.0102 0.02035 0.05 1.22204 1 0.05 0 25 -10 
0.1667 -3.9392 0 -4.1498 0.0718 0.9937 0.8 -0.1 0.1524 -1.8333 4.2474 -1.694 2.5488 -0.675 -2.8371 -2.9034 0.2064 0.0384 0.1488 
102.169 332.353 0.0102 0.02035 0.05 1.22204 1 0.05 0 25 -10 
0.1667 -3.9392 0 -4.1498 0.0718 0.9937 0.8 -0.1 0.1524 -1.8333 4.2474 -1.694 2.5488 -0.675 -2.8371 -2.9034 0.2064 0.0384 0.1488 
102.274 731.952 0.0102 0.02035 0.05 1.22204 1 0.05 0 25 -10 
0.1667 -3.9392 0 -4.1498 0.0718 0.9937 0.8 -0.1 0.1524 -1.8333 4.2474 -1.694 2.5488 -0.675 -2.8371 -2.9034 0.2064 0.0384 0.1488 
102.39 1296.56 0.0102 0.02035 0.05 1.22204 1 0.05 0 25 -10 
0.1667 -3.9392 0 -4.1498 0.0718 0.9937 0.8 -0.1 0.1524 -1.8333 4.2474 -1.694 2.5488 -0.675 -2.8371 -2.9034 0.2064 0.0384 0.1488 
102.517 1986.14 0.0102 0.02035 0.05 1.22204 1 0.05 0 25 -10 
0.1667 -3.9392 0 -4.1498 0.0718 0.9937 0.8 -0.1 0.1524 -1.8333 4.2474 -1.694 2.5488 -0.675 -2.8371 -2.9034 0.2064 0.0384 0.1488 
102.655 2745.87 0.0102 0.02035 0.05 1.22204 1 0.05 0 25 -10 
0.1667 -3.9392 0 -4.1498 0.0718 0.9937 0.8 -0.1 0.1524 -1.8333 4.2474 -1.694 2.5488 -0.675 -2.8371 -2.9034 0.2064 0.0384 0.1488 
102.804 3521.05 0.0102 0.02035 0.05 1.22204 1 0.05 0 25 -10 
0.1667 -3.9392 0 -4.1498 0.0718 0.993696 0.8 -0.1 0.152399 -1.8333 4.2474 -1.694 2.5488 -0.674999 -2.8371 -2.9034 0.2064 0.0384 0.1488 
102.965 4266.47 0.0102 0.02035 0.05 1.22204 1 0.05 0 25 -10 
0.166708 -3.93929 0 -4.14971 0.0718 0.993607 0.8 -0.1 0.152374 -1.83334 4.2474 -1.69397 2.5488 -0.674983 -2.83706 -2.90342 0.2064 0.0384 0.1488 
103.137 4950.27 0.0102 0.02035 0.05 1.22204 1 0.05 0 25 -10 
0.16675 -3.93976 0 -4.14924 0.0718 0.993142 0.8 -0.1 0.152242 -1.83353 4.2474 -1.69381 2.54879 -0.674898 -2.83687 -2.90353 0.2064 0.0384 0.1488 
103.319 5553.88 0.0102 0.02035 0.05 1.22204 1 0.05 0 25 -10 
0.166873 -3.94115 0 -4.14786 0.0718 0.991768 0.8 -0.1 0.151852 -1.8341 4.24738 -1.69335 2.54876 -0.674648 -2.83632 -2.90386 0.2064 0.0384 0.1488 
103.513 6070.01 0.0102 0.02035 0.05 1.22204 1 0.05 0 25 -10 
0.167139 -3.94415 0 -4.14488 0.0718 0.988791 0.8 -0.1 0.151007 -1.83534 4.24736 -1.69235 2.54869 -0.674107 -2.83511 -2.90456 0.2064 0.0384 0.1488 
103.716 6499.63 0.0102 0.02035 0.05 1.22204 1 0.05 0 25 -10 
0.167616 -3.94953 0 -4.13953 0.0718 0.983461 0.8 -0.1 0.149495 -1.83756 4.24731 -1.69057 2.54857 -0.673137 -2.83294 -2.90581 0.2064 0.0384 0.1488 
103.93 6849.11 0.0102 0.02035 0.05 1.22204 1 0.05 0 25 -10 
0.168366 -3.95799 0 -4.13112 0.0718 0.975075 0.8 -0.1 0.147115 -1.84106 4.24724 -1.68776 2.54838 -0.67161 -2.82954 -2.90779 0.2064 0.0384 0.1488 
104.153 7127.81 0.0102 0.02035 0.05 1.22204 1 0.05 0 25 -10 
0.169442 -3.97011 0 -4.11907 0.0718 0.963055 0.8 -0.1 0.143704 -1.84606 4.24714 -1.68373 2.5481 -0.669423 -2.82466 -2.91063 0.2064 0.0384 0.1488 
104.385 7346.26 0.0102 0.02035 0.05 1.22204 1 0.05 0 25 -10 
0.170879 -3.98631 0 -4.10296 0.0718 0.946993 0.8 -0.1 0.139147 -1.85275 4.24701 -1.67835 2.54774 -0.666499 -2.81814 -2.91441 0.2064 0.0384 0.1488 
104.627 7514.88 0.0102 0.02035 0.05 1.22204 1 0.05 0 25 -10 
0.172696 -4.00681 0 -4.08258 0.0718 0.926675 0.8 -0.1 0.133382 -1.86122 4.24684 -1.67154 2.54728 -0.662802 -2.80989 -2.9192 0.2064 0.0384 0.1488 
104.876 7643.29 0.0102 0.02035 0.05 1.22204 1 0.05 0 25 -10 
0.174897 -4.03161 0 -4.05792 0.0718 0.90208 0.8 -0.1 0.126403 -1.87146 4.24663 -1.6633 2.54672 -0.658325 -2.79991 -2.925 0.2064 0.0384 0.1488 
105.133 7739.9 0.0102 0.02035 0.05 1.22204 1 0.05 0 25 -10 
0.177466 -4.06058 0 -4.02911 0.0718 0.873363 0.8 -0.1 0.118254 -1.88342 4.24639 -1.65368 2.54607 -0.653099 -2.78825 -2.93177 0.2064 0.0384 0.1488 
105.397 7811.81 0.0102 0.02035 0.05 1.22204 1 0.05 0 25 -10 
0.180377 -4.0934 0 -3.99648 0.0718 0.840825 0.8 -0.1 0.109021 -1.89697 4.24612 -1.64277 2.54533 -0.647177 -2.77504 -2.93944 0.2064 0.0384 0.1488 
105.668 7864.8 0.0102 0.02035 0.05 1.22204 1 0.05 0 25 -10 
0.183592 -4.12965 0 -3.96044 0.0718 0.804888 0.8 -0.1 0.0988241 -1.91194 4.24581 -1.63073 2.54452 -0.640636 -2.76046 -2.94792 0.2064 0.0384 0.1488 
105.945 7903.51 0.0102 0.02035 0.05 1.22204 1 0.05 0 25 -10 
0.187066 -4.16882 0 -3.92149 0.0718 0.766053 0.8 -0.1 0.0878048 -1.92812 4.24549 -1.61772 2.54364 -0.633569 -2.74469 -2.95707 0.2064 0.0384 0.1488 
106.227 7931.55 0.0102 0.02035 0.05 1.22204 1 0.05 0 25 -10 
0.19075 -4.21035 0 -3.8802 0.0718 0.724877 0.8 -0.1 0.076121 -1.94526 4.24514 -1.60392 2.5427 -0.626075 -2.72798 -2.96678 0.2064 0.0384 0.1488 
106.514 7951.72 0.0102 0.02035 0.05 1.22204 1 0.05 0 25 -10 
0.194591 -4.25367 0 -3.83714 0.0718 0.681937 0.8 -0.1 0.0639367 -1.96315 4.24478 -1.58953 2.54173 -0.61826 -2.71055 -2.9769 0.2064 0.0384 0.1488 
106.805 7966.12 0.0102 0.02035 0.05 1.22204 1 0.05 0 25 -10 
0.198539 -4.29818 0 -3.79288 0.0718 0.63781 0.8 -0.1 0.0514155 -1.98153 4.24441 -1.57475 2.54073 -0.610228 -2.69263 -2.98731 0.2064 0.0384 0.1488 
107.1 7976.35 0.0102 0.02035 0.05 1.22204 1 0.05 0 25 -10 
0.202544 -4.34333 0 -3.74799 0.0718 0.593049 0.8 -0.1 0.0387145 -2.00017 4.24403 -1.55975 2.53971 -0.602082 -2.67446 -2.99786 0.2064 0.0384 0.1488 
107.399 7983.56 0.0102 0.02035 0.05 1.22204 1 0.05 0 25 -10 
0.206558 -4.38859 0 -3.70298 0.0718 0.548173 0.8 -0.1 0.0259808 -2.01886 4.24366 -1.54471 2.53869 -0.593915 -2.65625 -3.00844 0.2064 0.0384 0.1488 
107.7 7988.63 0.0102 0.02035 0.05 1.22204 1 0.05 0 25 -10 
0.210541 -4.4335 0 -3.65833 0.0718 0.503651 0.8 -0.1 0.0133475 -2.03741 4.24328 -1.52979 2.53768 -0.585812 -2.63818 -3.01894 0.2064 0.0384 0.1488 
108.002 7992.16 0.0102 0.02035 0.05 1.22204 1 0.05 0 25 -10 
0.214456 -4.47763 0 -3.61445 0.0718 0.459898 0.8 -0.1 0.000932549 -2.05563 4.24291 -1.51513 2.53669 -0.577849 -2.62041 -3.02925 0.2064 0.0384 0.1488 
108.307 7994.62 0.0102 0.02035 0.05 1.22204 1 0.05 0 25 -10 
0.218269 -4.52063 0 -3.5717 0.0718 0.417271 0.8 -0.1 -0.0111629 -2.07338 4.24256 -1.50085 2.53573 -0.570091 -2.60311 -3.0393 0.2064 0.0384 0.1488 
108.612 7996.32 0.0102 0.02035 0.05 1.22204 1 0.05 0 25 -10 
0.221955 -4.56219 0 -3.53038 0.0718 0.376068 0.8 -0.1 -0.0228544 -2.09054 4.24221 -1.48704 2.53479 -0.562592 -2.58639 -3.04902 0.2064 0.0384 0.1488 
108.917 7997.49 0.0102 0.02035 0.05 1.22204 1 0.05 0 25 -10 
0.225493 -4.60207 0 -3.49073 0.0718 0.336528 0.8 -0.1 -0.0340739 -2.10701 4.24188 -1.47379 2.53389 -0.555395 -2.57034 -3.05834 0.2064 0.0384 0.1488 
109.223 7998.29 0.0102 0.02035 0.05 1.22204 1 0.05 0 25 -10 
0.228865 -4.64009 0 -3.45293 0.0718 0.298836 0.8 -0.1 -0.0447691 -2.12271 4.24156 -1.46116 2.53304 -0.548535 -2.55504 -3.06723 0.2064 0.0384 0.1488 
109.528 7998.84 0.0102 0.02035 0.05 1.22204 1 0.05 0 25 -10 
0.23206 -4.67611 0 -3.41711 0.0718 0.263126 0.8 -0.1 -0.054902 -2.13758 4.24126 -1.4492 2.53223 -0.542036 -2.54054 -3.07565 0.2064 0.0384 0.1488 
109.832 7999.22 0.0102 0.02035 0.05 1.22204 1 0.05 0 25 -10 
0.235072 -4.71005 0 -3.38338 0.0718 0.229485 0.799997 -0.1 -0.0644393 -2.15159 4.24098 -1.43793 2.53147 -0.535913 -2.52688 -3.08357 0.2064 0.0384001 0.148799 
110.134 7999.47 0.0102 0.02035 0.05 1.22204 1 0.05 0 25 -10 
0.237947 -4.74192 0 -3.35178 0.0718004 0.197967 0.799937 -0.1 -0.073209 -2.16462 4.24072 -1.42735 2.53087 -0.53015 -2.5139 -3.09086 0.206403 0.0384013 0.148784 
110.435 7999.65 0.0102 0.02035 0.05 1.22204 1 0.05 0 25 -10 
0.24087 -4.77194 0 -3.32241 0.0718025 0.168601 0.799618 -0.1 -0.0806186 -2.1763 4.2405 -1.41743 2.53078 -0.524667 -2.50104 -3.09701 0.20642 0.0384078 0.148705 
110.733 7999.76 0.0102 0.02035 0.05 1.22204 1 0.05 0 25 -10 
0.244184 -4.80059 0 -3.29538 0.0718088 0.141405 0.798667 -0.1 -0.0855829 -2.18601 4.24036 -1.40807 2.53189 -0.519304 -2.48718 -3.10114 0.206469 0.0384273 0.148469 
111.028 7999.84 0.0102003 0.0203503 0.0500002 1.22204 0.999996 0.05 0 25 -10 
0.248348 -4.82848 0 -3.27082 0.0718226 0.116382 0.796588 -0.1 -0.0866678 -2.19288 4.24035 -1.39915 2.5351 -0.513848 -2.47086 -3.10204 0.206576 0.0384699 0.147952 
111.321 7999.89 0.010207 0.0203562 0.0500039 1.22204 0.999922 0.0500003 0 25 -10 
0.253862 -4.85632 0 -3.24886 0.0718474 0.0935184 0.792843 -0.1 -0.0823144 -2.19602 4.24051 -1.39051 2.5414 -0.50806 -2.45047 -3.09842 0.206769 0.0385467 0.147021 
111.61 7999.93 0.0102424 0.0203876 0.0500237 1.22204 0.999527 0.0500019 0 25 -10 
0.261204 -4.88478 0 -3.2296 0.0718867 0.0727843 0.786919 -0.1 -0.0710536 -2.19455 4.24089 -1.38203 2.5517 -0.501714 -2.42449 -3.08906 0.207074 0.0386682 0.145549 
111.896 7999.95 0.0103482 0.0204814 0.0500827 1.22204 0.998346 0.0500066 0 25 -10 
0.270771 -4.91447 0 -3.21309 0.0719432 0.0541285 0.778392 -0.1 -0.0516716 -2.18777 4.24154 -1.37358 2.56678 -0.494616 -2.39164 -3.07295 0.207513 0.038843 0.14343 
112.177 7999.97 0.0105798 0.0206868 0.0502119 1.22204 0.995761 0.050017 0 25 -10 
0.282847 -4.94583 0 -3.19934 0.0720189 0.0374806 0.766961 -0.1 -0.0233144 -2.17521 4.24247 -1.36504 2.58719 -0.486623 -2.351 -3.04939 0.208101 0.0390773 0.14059 
112.454 7999.98 0.0109976 0.0210572 0.0504451 1.22204 0.991099 0.0500356 0 25 -10 
0.297594 -4.97917 0 -3.18831 0.0721149 0.0227516 0.752463 -0.1 0.0144653 -2.15661 4.24371 -1.35635 2.61322 -0.477647 -2.30204 -3.01799 0.208848 0.0393745 0.136987 
112.727 7999.99 0.0116588 0.0216435 0.050814 1.22204 0.983719 0.0500651 0 25 -10 
0.315041 -5.01462 0 -3.17989 0.0722315 0.00983723 0.734873 -0.1 0.0617075 -2.13198 4.24526 -1.34748 2.64492 -0.467658 -2.24465 -2.97873 0.209754 0.0397351 0.132616 
112.995 7999.99 0.012611 0.0224879 0.0513454 1.22204 0.973092 0.0501076 0 25 -10 
0.335105 -5.05217 0 -3.17395 0.0723678 -0.00137978 0.714295 -0.1 0.118079 -2.10155 4.2471 -1.33839 2.68209 -0.456681 -2.17909 -2.93188 0.210814 0.040157 0.127502 
113.259 7999.99 0.0138882 0.0236204 0.0520582 1.22204 0.958837 0.0501647 0 25 -10 
0.357599 -5.09167 0 -3.1703 0.0725225 -0.0110256 0.690941 -0.1 0.182929 -2.06572 4.24922 -1.32912 2.72434 -0.444785 -2.10594 -2.87799 0.212017 0.0406357 0.121699 
113.517 8000 0.0155089 0.0250575 0.0529626 1.22204 0.940749 0.050237 0 25 -10 
0.382258 -5.13288 0 -3.16874 0.0726937 -0.0192318 0.665109 -0.1 0.255357 -2.02508 4.25158 -1.31968 2.77112 -0.432075 -2.02603 -2.8178 0.213347 0.0411653 0.11528 
113.77 8000 0.0174759 0.0268016 0.0540602 1.22204 0.918796 0.0503248 0 25 -10 
0.408762 -5.17547 -5.92826e-12 -3.16903 0.0728788 -0.0261324 0.637161 -0.1 0.334282 -1.98027 4.25415 -1.31014 2.82179 -0.418684 -1.94037 -2.75221 0.214786 0.0417382 0.108335 
114.018 8000 0.0197776 0.0288426 0.0553446 1.22204 0.893107 0.0504276 0 25 -10 
0.43675 -5.21906 -1.70353e-06 -3.17093 0.0730745 -0.03186 0.607497 -0.1 0.41851 -1.93205 4.25689 -1.30054 2.87561 -0.404757 -1.8501 -2.68222 0.216314 0.0423462 0.100963 
114.261 8000 0.0223904 0.0311595 0.0568027 1.22204 0.863946 0.0505442 0 25 -10 
0.46583 -5.26319 -3.78305e-05 -3.17411 0.0732621 -0.0365339 0.576564 -0.1 0.506769 -1.88119 4.25976 -1.29096 2.93179 -0.390415 -1.75646 -2.60887 0.217903 0.0429783 0.0932711 
114.497 8000 0.0252811 0.0337227 0.0584158 1.22204 0.831685 0.0506733 0 25 -10 
0.495555 -5.3072 -0.000231 -3.17795 0.0733793 -0.0402389 0.544894 -0.1 0.597718 -1.8285 4.26267 -1.28143 2.98949 -0.375665 -1.66085 -2.53329 0.219512 0.0436166 0.0853754 
114.729 8000 0.0284091 0.0364964 0.0601614 1.22204 0.796773 0.0508129 0 25 -10 
0.525427 -5.35024 -0.000810847 -3.18154 0.0733118 -0.0430182 0.513104 -0.1 0.689967 -1.77482 4.26552 -1.27198 3.04781 -0.360385 -1.56483 -2.45663 0.221085 0.0442353 0.0773985 
114.954 8000 0.03173 0.0394411 0.0620145 1.22204 0.759709 0.0509612 0 25 -10 
0.55493 -5.39132 -0.00208442 -3.18371 0.072908 -0.0448821 0.481857 -0.1 0.782141 -1.72094 4.2682 -1.26264 3.10585 -0.344345 -1.47003 -2.38003 0.222553 0.0448036 0.0694645 
115.174 8000 0.0351971 0.0425154 0.0639493 1.22204 0.721015 0.0511159 0 25 -10 
0.583555 -5.42942 -0.00438843 -3.18325 0.0720021 -0.0458223 0.451812 -0.1 0.872941 -1.66763 4.27056 -1.25342 3.16274 -0.327271 -1.37801 -2.30457 0.223845 0.0452886 0.0616921 
115.388 8000 0.0387636 0.0456778 0.0659395 1.22204 0.68121 0.0512752 0 25 -10 
0.610845 -5.4636 -0.00804288 -3.179 0.0704366 -0.0458269 0.42357 -0.1 0.9612 -1.61558 4.2725 -1.24431 3.21772 -0.308889 -1.29022 -2.23123 0.224894 0.0456601 0.0541884 
115.597 8000 0.0423845 0.0488886 0.0679601 1.22204 0.640798 0.0514368 0 25 -10 
0.636408 -5.49307 -0.013315 -3.16999 0.0680798 -0.0448915 0.397643 -0.1 1.04592 -1.56538 4.27392 -1.23531 3.2701 -0.288976 -1.20787 -2.16083 0.225644 0.0458922 0.0470448 
115.799 8000 0.0460177 0.0521103 0.0699876 1.22204 0.600249 0.051599 0 25 -10 
0.659936 -5.51725 -0.0203964 -3.15551 0.0648375 -0.0430277 0.374428 -0.1 1.12628 -1.51749 4.27473 -1.22644 3.31936 -0.26738 -1.13193 -2.09404 0.226054 0.045966 0.0403347 
115.996 8000 0.049625 0.0553088 0.0720005 1.22204 0.559989 0.05176 0 25 -10 
0.681211 -5.53575 -0.0293919 -3.13512 0.0606573 -0.0402657 0.354198 -0.1 1.20167 -1.47229 4.27489 -1.21769 3.36511 -0.244039 -1.06308 -2.03139 0.226098 0.0458698 0.0341123 
116.187 8000 0.0531722 0.0584543 0.07398 1.22204 0.520399 0.0519184 0 25 -10 
0.700101 -5.54843 -0.0403198 -3.10867 0.0555297 -0.0366562 0.337108 -0.1 1.27168 -1.43005 4.27438 -1.20909 3.40708 -0.218981 -1.00172 -1.97322 0.225766 0.0455996 0.0284131 
116.373 8000 0.0566303 0.0615206 0.0759098 1.22204 0.481804 0.0520728 0 25 -10 
0.716555 -5.55534 -0.0531178 -3.07628 0.049484 -0.0322676 0.323197 -0.1 1.33604 -1.39093 4.27321 -1.20064 3.44513 -0.192315 -0.948034 -1.91973 0.225063 0.045158 0.0232555 
116.553 8000 0.0599748 0.0644863 0.0777761 1.22204 0.444477 0.0522219 0 25 -10 
0.730593 -5.55669 -0.0676555 -3.03829 0.0425833 -0.0271838 0.312409 -0.1 1.39467 -1.355 4.27142 -1.19238 3.47924 -0.164219 -0.90195 -1.87101 0.224006 0.0445536 0.0186427 
116.727 8000 0.0631861 0.0673337 0.0795681 1.22204 0.408638 0.052364 0 25 -10 
0.742293 -5.55286 -0.0837481 -2.99523 0.0349171 -0.0214996 0.304607 -0.1 1.4476 -1.32226 4.26904 -1.18433 3.50947 -0.134926 -0.863233 -1.82702 0.222622 0.0437997 0.0145653 
116.896 8000 0.0662489 0.0700493 0.0812771 1.22204 0.374458 0.0524954 0 25 -10 
0.75178 -5.54431 -0.101172 -2.94775 0.0265942 -0.0153169 0.299591 -0.1 1.49499 -1.29266 4.26614 -1.17651 3.53597 -0.104706 -0.831497 -1.78763 0.220948 0.0429131 0.0110033 
117.059 8000 0.0691523 0.0726233 0.082897 1.22204 0.34206 0.0526116 0 25 -10 
0.759214 -5.53157 -0.119678 -2.89659 0.0177353 -0.00874034 0.297116 -0.1 1.53708 -1.26608 4.2628 -1.16894 3.55892 -0.073848 -0.80625 -1.75266 0.219022 0.0419129 0.00792885 
117.217 8000 0.0718892 0.0750491 0.0844236 1.22204 0.311528 0.0527069 0 25 -10 
0.764776 -5.51525 -0.139006 -2.84255 0.00846717 -0.00187398 0.296908 -0.1 1.57415 -1.24238 4.25908 -1.16165 3.57857 -0.0426515 -0.786929 -1.72186 0.216889 0.0408196 0.00530861 
117.369 8000 0.0744558 0.0773232 0.0858548 1.22204 0.282905 0.0527758 0 25 -10 
0.768663 -5.49593 -0.158895 -2.78642 -0.00108341 0.005182 0.298679 -0.1 1.60655 -1.22138 4.25507 -1.15466 3.59518 -0.0114084 -0.772925 -1.69493 0.214591 0.0396538 0.00310539 
117.516 8000 0.0768511 0.0794445 0.0871897 1.22204 0.256205 0.0528134 0 25 -10 
0.771075 -5.47421 -0.179095 -2.72896 -0.0107939 0.0123336 0.302136 -0.1 1.63465 -1.20289 4.25083 -1.14799 3.60903 0.0196039 -0.763616 -1.67158 0.212172 0.0384359 0.00128008 
117.659 8000 0.0790766 0.0814141 0.0884293 1.22204 0.231414 0.0528161 0 25 -10 
0.772211 -5.45065 -0.199369 -2.67092 -0.0205493 0.019495 0.306994 -0.1 1.65883 -1.1867 4.24646 -1.14165 3.62041 0.0501308 -0.75838 -1.65148 0.209673 0.037185 -0.000206991 
117.796 8000 0.0811357 0.0832351 0.0895753 1.22204 0.208495 0.0527814 0 25 -10 
0.772265 -5.4258 -0.219503 -2.61297 -0.0302451 0.0265895 0.312981 -0.1 1.67948 -1.17262 4.242 -1.13564 3.62959 0.0799454 -0.756621 -1.63432 0.207131 0.0359189 -0.0013949 
117.928 8000 0.0830335 0.0849118 0.0906304 1.22204 0.187391 0.0527086 0 25 -10 
0.771417 -5.40012 -0.239307 -2.55569 -0.0397885 0.0335503 0.319844 -0.1 1.69697 -1.16043 4.23752 -1.12998 3.63686 0.108852 -0.757771 -1.61979 0.204581 0.0346536 -0.00232127 
118.055 8000 0.0847762 0.0864498 0.0915984 1.22204 0.168033 0.0525982 0 25 -10 
0.769835 -5.37406 -0.258618 -2.49962 -0.0490995 0.040321 0.327353 -0.1 1.71165 -1.14995 4.23308 -1.12466 3.64245 0.136686 -0.761307 -1.60759 0.202052 0.033403 -0.00302163 
118.178 8000 0.086371 0.0878555 0.092483 1.22204 0.150339 0.0524519 0 25 -10 
0.767672 -5.348 -0.277298 -2.44518 -0.0581109 0.0468548 0.335301 -0.1 1.72386 -1.14099 4.22872 -1.11969 3.64662 0.163317 -0.76675 -1.59744 0.19957 0.0321793 -0.00352899 
118.296 8000 0.0878258 0.0891361 0.0932889 1.22204 0.134222 0.0522727 0 25 -10 
0.765064 -5.32225 -0.295236 -2.39274 -0.0667685 0.0531149 0.343508 -0.1 1.73393 -1.13337 4.22448 -1.11506 3.64958 0.188644 -0.773674 -1.58907 0.197158 0.0309924 -0.00387354 
118.41 8000 0.0891488 0.0902988 0.0940207 1.22204 0.119587 0.0520642 0 25 -10 
0.762132 -5.2971 -0.312348 -2.34259 -0.07503 0.0590732 0.351818 -0.1 1.74213 -1.12692 4.22039 -1.11077 3.65153 0.212596 -0.7817 -1.58226 0.194831 0.0298503 -0.00408256 
118.519 8000 0.0903484 0.0913515 0.0946831 1.22204 0.106338 0.0518305 0 25 -10 
0.75898 -5.27274 -0.328569 -2.29492 -0.0828645 0.0647098 0.360099 -0.1 1.74874 -1.12151 4.21647 -1.1068 3.65264 0.23513 -0.790501 -1.57677 0.192605 0.0287594 -0.00418037 
118.624 8000 0.0914333 0.0923017 0.0952811 1.22204 0.0943779 0.0515761 0 25 -10 
0.755696 -5.24936 -0.343859 -2.2499 -0.0902514 0.0700123 0.368243 -0.1 1.75398 -1.11699 4.21275 -1.10314 3.65307 0.256225 -0.799796 -1.57241 0.19049 0.0277241 -0.00418842 
118.725 8000 0.0924117 0.0931571 0.0958195 1.22204 0.0836106 0.0513056 0 25 -10 
0.752355 -5.22709 -0.358195 -2.2076 -0.097179 0.0749745 0.376163 -0.1 1.75807 -1.11324 4.20923 -1.09978 3.65296 0.275881 -0.809349 -1.56901 0.188492 0.0267477 -0.00412543 
118.822 8000 0.0932921 0.0939253 0.0963029 1.22204 0.0739421 0.0510235 0 25 -10 
0.749018 -5.20602 -0.371568 -2.16807 -0.103644 0.0795957 0.38379 -0.1 1.7612 -1.11014 4.20593 -1.0967 3.65242 0.294116 -0.818963 -1.56641 0.186615 0.0258319 -0.00400753 
118.915 8000 0.0940822 0.0946134 0.0967359 1.22204 0.0652814 0.050734 0 25 -10 
0.745735 -5.18621 -0.383988 -2.1313 -0.109648 0.08388 0.391072 -0.1 1.76352 -1.10762 4.20284 -1.0939 3.65156 0.310965 -0.82848 -1.56448 0.184862 0.0249774 -0.00384848 
119.004 8000 0.0947899 0.0952283 0.0971229 1.22204 0.0575416 0.0504412 0 25 -10 
0.742546 -5.16768 -0.395471 -2.09726 -0.115201 0.0878351 0.397971 -0.1 1.76519 -1.10557 4.19997 -1.09134 3.65045 0.326473 -0.837772 -1.5631 0.183233 0.0241838 -0.00365989 
119.09 8000 0.0954223 0.0957767 0.097468 1.22204 0.05064 0.0501486 0 25 -10 
0.739479 -5.15045 -0.406045 -2.06587 -0.120315 0.0914718 0.404465 -0.1 1.76631 -1.10392 4.19731 -1.08902 3.64918 0.340693 -0.846741 -1.56216 0.181726 0.0234502 -0.00345142 
119.172 8000 0.0959863 0.0962646 0.097775 1.22204 0.044499 0.0498594 0 25 -10 
0.736558 -5.13449 -0.415746 -2.03703 -0.125008 0.0948034 0.41054 -0.1 1.767 -1.10262 4.19486 -1.08693 3.64781 0.353689 -0.855316 -1.56159 0.180337 0.0227748 -0.00323105 
119.25 8000 0.0964882 0.0966978 0.0980477 1.22204 0.0390458 0.0495763 0 25 -10 
0.733798 -5.11979 -0.424614 -2.01065 -0.129298 0.0978448 0.416191 -0.1 1.76735 -1.10159 4.19262 -1.08503 3.64637 0.365526 -0.863443 -1.5613 0.179062 0.0221554 -0.0030052 
119.326 8000 0.0969341 0.0970818 0.0982894 1.22204 0.0342127 0.0493017 0 25 -10 
0.731207 -5.10629 -0.432692 -1.98659 -0.133207 0.100612 0.421421 -0.1 1.76743 -1.1008 4.19056 -1.08333 3.64491 0.376274 -0.871089 -1.56124 0.177896 0.0215894 -0.00277903 
119.398 8000 0.0973295 0.0974215 0.0985031 1.22204 0.0299372 0.0490373 0 25 -10 
0.72879 -5.09394 -0.440028 -1.96471 -0.136757 0.103122 0.42624 -0.1 1.7673 -1.1002 4.18869 -1.0818 3.64346 0.386006 -0.878235 -1.56134 0.176835 0.0210741 -0.00255656 
119.466 8000 0.0976795 0.0977215 0.0986919 1.22204 0.0261617 0.0487847 0 25 -10 
0.72655 -5.0827 -0.446669 -1.94489 -0.139972 0.105392 0.43066 -0.1 1.76701 -1.09975 4.18699 -1.08043 3.64204 0.394792 -0.884874 -1.56158 0.17587 0.0206063 -0.00234084 
119.532 8000 0.0979888 0.0979859 0.0988583 1.22204 0.0228333 0.0485448 0 25 -10 
0.724483 -5.07249 -0.452665 -1.92699 -0.142874 0.107439 0.434698 -0.1 1.76661 -1.09943 4.18545 -1.0792 3.64067 0.402703 -0.89101 -1.56191 0.174997 0.020183 -0.00213414 
119.595 8000 0.0982617 0.0982186 0.0990048 1.22204 0.019904 0.0483184 0 25 -10 
0.722584 -5.06325 -0.458063 -1.91085 -0.145487 0.10928 0.438374 -0.1 1.76614 -1.09921 4.18406 -1.0781 3.63937 0.409809 -0.896652 -1.5623 0.174209 0.0198011 -0.00193804 
119.656 8000 0.0985021 0.0984231 0.0991335 1.22204 0.0173299 0.0481059 0 25 -10 
0.720849 -5.0549 -0.462911 -1.89635 -0.147834 0.110932 0.441709 -0.1 1.76561 -1.09907 4.18281 -1.07713 3.63814 0.416176 -0.901819 -1.56274 0.173499 0.0194574 -0.00175358 
119.713 8000 0.0987135 0.0986026 0.0992464 1.22204 0.0150713 0.0479075 0 25 -10 
0.719268 -5.0474 -0.467254 -1.88336 -0.149937 0.11241 0.444724 -0.1 1.76506 -1.099 4.18168 -1.07626 3.63698 0.421867 -0.906529 -1.5632 0.172862 0.019149 -0.00158268 
119.768 8000 0.0988992 0.0987598 0.0993454 1.22204 0.0130926 0.0477232 0 25 -10 
0.717834 -5.04068 -0.471124 -1.87176 -0.151816 0.113731 0.447432 -0.1 1.76451 -1.09897 4.18072 -1.07543 3.63591 0.426949 -0.910791 -1.56366 0.172294 0.0188737 -0.00146678 
119.82 8000 0.0990621 0.0988973 0.0994319 1.22204 0.0113614 0.0475527 0 25 -10 
0.716536 -5.03478 -0.474515 -1.86158 -0.153493 0.114907 0.449811 -0.1 1.76402 -1.09897 4.18009 -1.07439 3.63496 0.431502 -0.914554 -1.56407 0.171795 0.0186324 -0.00159727 
119.871 8000 0.0992047 0.0990175 0.0995075 1.22204 0.00984917 0.0473957 0 25 -10 
0.715364 -5.02984 -0.477366 -1.85295 -0.154984 0.115953 0.451787 -0.1 1.76367 -1.09896 4.18017 -1.07259 3.63417 0.435626 -0.917685 -1.56436 0.171377 0.01843 -0.00237788 
119.918 8000 0.0993272 0.0991203 0.0995722 1.22204 0.00855546 0.0472516 0 25 -10 
0.714307 -5.02608 -0.479568 -1.84617 -0.156309 0.116881 0.453247 -0.1 1.7636 -1.09891 4.18151 -1.06927 3.63364 0.439443 -0.91998 -1.56441 0.171057 0.018275 -0.00438727 
119.964 8000 0.0994179 0.0991955 0.0996195 1.22204 0.00760905 0.0471207 0 25 -10 
0.713354 -5.02377 -0.480989 -1.84156 -0.157483 0.117703 0.454054 -0.1 1.76397 -1.09879 4.18474 -1.06356 3.63345 0.443078 -0.921204 -1.56411 0.170858 0.0181778 -0.0082895 
120.007 8000 0.0994463 0.0992161 0.0996325 1.22204 0.00734944 0.0470036 0 25 -10 
0.712494 -5.02318 -0.481495 -1.83947 -0.158522 0.11843 0.454075 -0.1 1.7649 -1.09855 4.19049 -1.05458 3.6337 0.446653 -0.921121 -1.56333 0.170801 0.0181486 -0.0147387 
120.049 8000 0.0993647 0.09914 0.0995846 1.22204 0.00830744 0.0469019 0 25 -10 
0.711716 -5.02454 -0.480976 -1.8402 -0.159439 0.119071 0.453195 -0.1 1.76654 -1.09817 4.19929 -1.0416 3.63446 0.450275 -0.919531 -1.56198 0.170904 0.0181961 -0.024301 
120.088 8000 0.0991158 0.0989164 0.0994439 1.22204 0.0111216 0.0468174 0 25 -10 
0.711012 -5.02802 -0.479343 -1.84395 -0.160242 0.119657 0.451325 -0.1 1.76896 -1.09761 4.21155 -1.02406 3.63578 0.454034 -0.916281 -1.55996 0.171181 0.0183272 -0.0374012 
120.126 8000 0.0986411 0.0984937 0.0991779 1.22204 0.0164415 0.0467522 0 25 -10 
0.710371 -5.03378 -0.47652 -1.85094 -0.160905 0.120316 0.448386 -0.1 1.77227 -1.09686 4.22751 -1.00161 3.63774 0.45801 -0.911231 -1.55721 0.171646 0.0185477 -0.0542953 
120.162 8000 0.0978886 0.0978261 0.0987578 1.22204 0.0248446 0.0467079 0 25 -10 
0.709786 -5.04201 -0.472419 -1.86139 -0.161352 0.121342 0.444289 -0.1 1.77655 -1.0959 4.24724 -0.974133 3.64037 0.462287 -0.904228 -1.55366 0.172312 0.0188646 -0.0750643 
120.196 8000 0.0968183 0.096878 0.0981611 1.22204 0.0367775 0.0466855 0 25 -10 
0.709249 -5.05289 -0.466943 -1.87554 -0.161459 0.123182 0.438938 -0.1 1.7819 -1.0947 4.27065 -0.941746 3.64375 0.466947 -0.895108 -1.54921 0.173195 0.0192853 -0.0996245 
120.228 8000 0.0954047 0.095627 0.0973738 1.22204 0.0525232 0.0466857 0 25 -10 
0.708752 -5.06659 -0.460003 -1.89364 -0.161077 0.126365 0.432246 -0.1 1.78842 -1.09324 4.29753 -0.904736 3.64793 0.472065 -0.883718 -1.5438 0.174309 0.0198166 -0.127749 
120.259 8000 0.0936381 0.0940644 0.0963905 1.22204 0.0721907 0.0467081 0 25 -10 
0.708288 -5.08326 -0.451536 -1.91583 -0.160052 0.131429 0.424148 -0.1 1.79616 -1.0915 4.32754 -0.863549 3.65296 0.477701 -0.869949 -1.53736 0.175666 0.0204634 -0.159093 
120.288 8000 0.0915236 0.0921949 0.0952139 1.22204 0.0957222 0.0467521 0 25 -10 
0.707852 -5.10294 -0.441515 -1.94219 -0.158248 0.138853 0.414617 -0.1 1.80517 -1.08948 4.36025 -0.818743 3.65885 0.483894 -0.853751 -1.52988 0.177268 0.0212278 -0.193229 
120.315 8000 0.0890799 0.0900346 0.0938544 1.22204 0.122912 0.0468162 0 25 -10 
0.707439 -5.1256 -0.429961 -1.97266 -0.155559 0.14901 0.403669 -0.1 1.81543 -1.08717 4.39521 -0.770951 3.66559 0.490658 -0.83515 -1.52136 0.179114 0.0221085 -0.229668 
120.34 8000 0.0863362 0.0876097 0.0923283 1.22204 0.153433 0.0468986 0 25 -10 
0.707045 -5.15111 -0.416939 -2.00706 -0.151919 0.16214 0.391362 -0.1 1.8269 -1.08459 4.43191 -0.720844 3.67316 0.49798 -0.814248 -1.51183 0.181192 0.0231002 -0.267894 
120.363 8000 0.0833303 0.0849534 0.0906566 1.22204 0.186867 0.0469972 0 25 -10 
0.706667 -5.17926 -0.402562 -2.04509 -0.147305 0.178341 0.377799 -0.1 1.83948 -1.08176 4.46984 -0.669105 3.68148 0.505826 -0.791215 -1.50138 0.183485 0.0241947 -0.307385 
120.381 8000 0.0801056 0.0821039 0.0888634 1.22204 0.222733 0.0471095 0 25 -10 
0.706304 -5.20975 -0.386977 -2.08635 -0.141732 0.197577 0.363118 -0.1 1.85306 -1.07871 4.50852 -0.616395 3.69049 0.51414 -0.766285 -1.4901 0.18597 0.0253807 -0.347631 
120.395 8000 0.0767084 0.0791021 0.0869743 1.22204 0.260514 0.0472331 0 25 -10 
0.705954 -5.24224 -0.370363 -2.13036 -0.135253 0.219694 0.347482 -0.1 1.86749 -1.07546 4.54746 -0.563341 3.70007 0.52285 -0.739737 -1.47811 0.188619 0.0266447 -0.388152 
120.404 8000 0.073186 0.07599 0.0850157 1.22204 0.299685 0.0473655 0 25 -10 
0.705616 -5.27635 -0.352917 -2.1766 -0.127948 0.244436 0.331076 -0.1 1.88261 -1.07205 4.58626 -0.510519 3.71011 0.531874 -0.711882 -1.46555 0.191399 0.0279717 -0.428505 
120.405 8000 0.069585 0.0728085 0.0830135 1.22204 0.339729 0.0475043 0 25 -10 
0.70529 -5.31167 -0.334847 -2.22452 -0.119922 0.271475 0.314093 -0.1 1.89823 -1.06853 4.62453 -0.45844 3.72051 0.541123 -0.683048 -1.45257 0.194278 0.029346 -0.468298 
120.397 8000 0.0659493 0.0695965 0.0809921 1.22204 0.380157 0.0476473 0 25 -10 
0.704977 -5.3478 -0.316363 -2.27355 -0.111293 0.300432 0.296729 -0.1 1.91419 -1.06493 4.66194 -0.40755 3.73113 0.550504 -0.653567 -1.43932 0.197223 0.0307516 -0.507189 
120.379 8000 0.0623197 0.0663899 0.0789741 1.22204 0.420517 0.0477922 0 25 -10 
0.704675 -5.38432 -0.297669 -2.32315 -0.102187 0.330896 0.279175 -0.1 1.93031 -1.0613 4.69821 -0.358224 3.74187 0.559928 -0.623764 -1.42593 0.200201 0.0321731 -0.544889 
120.35 8000 0.0587325 0.063221 0.0769798 1.22204 0.460403 0.0479373 0 25 -10 
0.704386 -5.42088 -0.27896 -2.3728 -0.0927329 0.362452 0.261611 -0.1 1.94642 -1.05766 4.73311 -0.31077 3.75261 0.569307 -0.593946 -1.41254 0.203181 0.0335956 -0.581163 
120.308 8000 0.0552198 0.0601178 0.0750269 1.22204 0.499462 0.0480809 0 25 -10 
0.70411 -5.45711 -0.260414 -2.42203 -0.083058 0.394689 0.244204 -0.1 1.96239 -1.05406 4.76646 -0.265429 3.76326 0.578564 -0.564394 -1.39928 0.206135 0.0350056 -0.615825 
120.251 8000 0.0518085 0.0571042 0.0731304 1.22204 0.537391 0.0482216 0 25 -10 
0.703848 -5.49271 -0.242191 -2.47041 -0.073282 0.427216 0.227104 -0.1 1.97806 -1.05053 4.79814 -0.222378 3.77371 0.587625 -0.535362 -1.38625 0.209037 0.036391 -0.648739 
120.179 8000 0.0485209 0.0542 0.0713027 1.22204 0.573945 0.0483582 0 25 -10 
0.703598 -5.5274 -0.224429 -2.51756 -0.0635158 0.459675 0.210439 -0.1 1.99334 -1.04708 4.82804 -0.18174 3.7839 0.59643 -0.507069 -1.37357 0.211866 0.0377413 -0.67981 
120.09 8000 0.0453746 0.0514207 0.0695536 1.22204 0.608927 0.0484897 0 25 -10 
0.703363 -5.56097 -0.207246 -2.56319 -0.0538586 0.491742 0.194319 -0.1 2.0081 -1.04375 4.85612 -0.143588 3.79375 0.604926 -0.479702 -1.3613 0.214602 0.0390475 -0.708983 
119.982 8000 0.042383 0.048778 0.0678905 1.22204 0.64219 0.0486154 0 25 -10 
0.703141 -5.59321 -0.190737 -2.60703 -0.0443973 0.523135 0.178834 -0.1 2.02228 -1.04055 4.88235 -0.10795 3.80322 0.61307 -0.453413 -1.34952 0.217231 0.0403024 -0.736235 
119.856 8000 0.0395553 0.0462802 0.0663185 1.22204 0.673629 0.0487348 0 25 -10 
0.702933 -5.62399 -0.174979 -2.64887 -0.0352055 0.553615 0.164054 -0.1 2.03582 -1.03749 4.90674 -0.0748167 3.81225 0.620829 -0.428321 -1.33828 0.21974 0.0415003 -0.761573 
119.71 8000 0.0368973 0.0439322 0.0648409 1.22204 0.703181 0.0488475 0 25 -10 
0.702739 -5.65319 -0.160026 -2.68859 -0.0263442 0.582984 0.150031 -0.1 2.04866 -1.03459 4.92932 -0.0441469 3.82082 0.62818 -0.404513 -1.32761 0.222121 0.0426369 -0.785027 
119.543 8000 0.0344116 0.0417365 0.0634591 1.22204 0.730818 0.0489532 0 25 -10 
0.702558 -5.68075 -0.145917 -2.72606 -0.0178613 0.611086 0.136799 -0.1 2.06077 -1.03186 4.95013 -0.0158744 3.82891 0.635106 -0.38205 -1.31755 0.224368 0.0437094 -0.80665 
119.355 8000 0.0320982 0.039693 0.0621731 1.22204 0.756539 0.049052 0 25 -10 
0.70239 -5.70662 -0.132672 -2.76124 -0.00979334 0.637803 0.124379 -0.1 2.07213 -1.02929 4.96925 0.0100874 3.8365 0.6416 -0.360964 -1.30811 0.226477 0.0447161 -0.826505 
119.146 8000 0.0299547 0.0377996 0.0609815 1.22204 0.78037 0.0491437 0 25 -10 
0.702235 -5.73078 -0.1203 -2.7941 -0.00216583 0.663054 0.112778 -0.1 2.08275 -1.0269 4.98674 0.0338407 3.84359 0.64766 -0.341268 -1.29929 0.228447 0.0456566 -0.844673 
118.916 8000 0.027977 0.0360526 0.0598821 1.22204 0.802359 0.0492285 0 25 -10 
0.702092 -5.75325 -0.108794 -2.82466 0.00500532 0.686787 0.10199 -0.1 2.09262 -1.02467 5.00269 0.055499 3.85018 0.653289 -0.322953 -1.29109 0.230278 0.046531 -0.861238 
118.664 8000 0.0261593 0.034447 0.0588716 1.22204 0.822568 0.0493067 0 25 -10 
0.701961 -5.77405 -0.0981416 -2.85296 0.0117127 0.70898 0.0920018 -0.1 2.10176 -1.0226 5.01718 0.0751832 3.85628 0.658498 -0.305996 -1.2835 0.231975 0.0473408 -0.876294 
118.391 8000 0.024495 0.0329768 0.0579464 1.22204 0.841072 0.0493784 0 25 -10 
0.701841 -5.79324 -0.0883175 -2.87906 0.0179562 0.729634 0.082791 -0.1 2.11019 -1.0207 5.03032 0.0930185 3.86191 0.663297 -0.290359 -1.2765 0.233539 0.0480875 -0.889936 
118.097 8000 0.0229762 0.0316353 0.0571021 1.22204 0.857957 0.0494439 0 25 -10 
0.701732 -5.81086 -0.0792919 -2.90304 0.023742 0.74877 0.0743292 -0.1 2.11793 -1.01895 5.04218 0.109132 3.86708 0.667704 -0.275993 -1.27007 0.234976 0.0487735 -0.902261 
117.783 8000 0.021595 0.0304152 0.0563343 1.22204 0.873314 0.0495036 0 25 -10 
0.701632 -5.827 -0.0710298 -2.92498 0.029081 0.766425 0.0665833 -0.1 2.12501 -1.01735 5.05288 0.123649 3.87182 0.671735 -0.262842 -1.26418 0.236291 0.0494014 -0.913365 
117.449 8000 0.0203426 0.029309 0.0556381 1.22204 0.887237 0.0495578 0 25 -10 
0.701542 -5.84172 -0.0634919 -2.94501 0.0339884 0.782651 0.0595166 -0.1 2.13148 -1.01589 5.06248 0.136695 3.87613 0.675412 -0.250845 -1.25881 0.237491 0.0499744 -0.923344 
117.095 8000 0.0192105 0.028309 0.0550088 1.22204 0.899824 0.0496069 0 25 -10 
0.70146 -5.8551 -0.0566368 -2.96322 0.0384823 0.797508 0.0530902 -0.1 2.13735 -1.01457 5.0711 0.148389 3.88006 0.678753 -0.239934 -1.25393 0.238583 0.0504954 -0.932289 
116.724 8000 0.0181898 0.0274074 0.0544414 1.22204 0.911172 0.0496512 0 25 -10 
0.701386 -5.86724 -0.0504216 -2.97973 0.0425834 0.811064 0.0472637 -0.1 2.14268 -1.01336 5.0788 0.158847 3.88362 0.681782 -0.230042 -1.2495 0.239572 0.0509678 -0.940289 
116.335 8000 0.0172721 0.0265968 0.0539313 1.22204 0.921374 0.0496911 0 25 -10 
0.701319 -5.87821 -0.0448027 -2.99466 0.0463136 0.823394 0.0419963 -0.1 2.1475 -1.01227 5.08567 0.168177 3.88684 0.684518 -0.2211 -1.2455 0.240467 0.0513948 -0.947427 
115.93 8000 0.0164491 0.0258698 0.0534738 1.22204 0.930525 0.0497268 0 25 -10 
0.70126 -5.88811 -0.0397368 -3.00812 0.049696 0.834572 0.0372474 -0.1 2.15184 -1.01129 5.09179 0.176485 3.88974 0.686985 -0.213037 -1.24189 0.241274 0.0517799 -0.953782 
115.51 8000 0.0157127 0.0252194 0.0530644 1.22204 0.938712 0.0497589 0 25 -10 
0.701206 -5.897 -0.0351813 -3.02022 0.0527539 0.844677 0.032977 -0.1 2.15575 -1.01041 5.09723 0.183867 3.89235 0.689202 -0.205787 -1.23865 0.241999 0.0521261 -0.959428 
115.076 8000 0.0150553 0.0246387 0.052699 1.22204 0.94602 0.0497875 0 25 -10 
0.701158 -5.90498 -0.0310949 -3.03108 0.0555108 0.853787 0.0291465 -0.1 2.15925 -1.00962 5.10205 0.190412 3.89469 0.691191 -0.199284 -1.23574 0.242649 0.0524367 -0.964436 
114.629 8000 0.0144698 0.0241215 0.0523735 1.22204 0.95253 0.0498131 0 25 -10 
0.701116 -5.91212 -0.027438 -3.0408 0.0579897 0.861978 0.0257185 -0.1 2.16239 -1.00891 5.10632 0.196206 3.89679 0.69297 -0.193464 -1.23313 0.243232 0.0527146 -0.968868 
114.17 8000 0.0139493 0.0236617 0.0520841 1.22204 0.958317 0.0498358 0 25 -10 
0.701078 -5.9185 -0.0241727 -3.04947 0.0602132 0.869324 0.0226577 -0.1 2.16518 -1.00828 5.11009 0.201325 3.89866 0.694558 -0.188268 -1.23081 0.243752 0.0529628 -0.972784 
113.701 8000 0.0134875 0.0232538 0.0518275 1.22204 0.963451 0.0498559 0 25 -10 
0.701044 -5.92418 -0.0212635 -3.0572 0.0622026 0.875897 0.0199307 -0.1 2.16768 -1.00772 5.11342 0.205839 3.90032 0.695972 -0.183638 -1.22874 0.244215 0.0531839 -0.976238 
113.222 8000 0.0130786 0.0228927 0.0516002 1.22204 0.967996 0.0498738 0 25 -10 
0.701014 -5.92923 -0.0186767 -3.06407 0.0639787 0.881764 0.017506 -0.1 2.16989 -1.00722 5.11634 0.209815 3.9018 0.69723 -0.179521 -1.2269 0.244627 0.0533805 -0.979279 
112.736 8000 0.0127172 0.0225735 0.0513993 1.22204 0.972014 0.0498896 0 25 -10 
0.700987 -5.93371 -0.0163813 -3.07017 0.0655608 0.886991 0.0153544 -0.1 2.17186 -1.00677 5.11892 0.21331 3.90312 0.698346 -0.175868 -1.22526 0.244992 0.053555 -0.981952 
112.243 8000 0.0123984 0.0222918 0.051222 1.22204 0.975559 0.0499036 0 25 -10 
0.700964 -5.93768 -0.0143482 -3.07558 0.0669672 0.891636 0.0134486 -0.1 2.1736 -1.00638 5.12118 0.216377 3.90428 0.699334 -0.172633 -1.22381 0.245316 0.0537095 -0.984299 
111.744 8000 0.0121175 0.0220437 0.0510659 1.22204 0.978682 0.0499158 0 25 -10 
0.700943 -5.94119 -0.0125506 -3.08035 0.0682149 0.895758 0.0117637 -0.1 2.17515 -1.00603 5.12316 0.219066 3.90531 0.700207 -0.169772 -1.22253 0.245602 0.0538461 -0.986356 
111.241 8000 0.0118707 0.0218257 0.0509288 1.22204 0.981428 0.0499267 0 25 -10 
0.700925 -5.94429 -0.0109642 -3.08457 0.0693198 0.899407 0.0102767 -0.1 2.1765 -1.00572 5.12489 0.22142 3.90622 0.700978 -0.167248 -1.2214 0.245854 0.0539667 -0.988157 
110.735 8000 0.0116566 0.0216362 0.0508117 1.22204 0.983839 0.0499359 0 25 -10 
0.700911 -5.94701 -0.0095663 -3.08828 0.0702961 0.902629 0.00896863 -0.1 2.1777 -1.00545 5.12641 0.223471 3.90702 0.701654 -0.165031 -1.22041 0.246077 0.0540725 -0.989714 
110.227 8000 0.0114807 0.0214788 0.0507239 1.22204 0.985953 0.0499432 0 25 -10 
0.700928 -5.94932 -0.00833659 -3.09152 0.0711551 0.905439 0.00784247 -0.1 2.17869 -1.00523 5.12768 0.225198 3.90769 0.702212 -0.163176 -1.21959 0.246279 0.0541604 -0.990884 
109.717 8000 0.0113573 0.0213639 0.0506853 1.22204 0.987804 0.0499473 0 25 -10 
0.701053 -5.95103 -0.00725647 -3.09426 0.0719017 0.907779 0.00694981 -0.1 2.17934 -1.00509 5.12863 0.226454 3.90818 0.702562 -0.161917 -1.21905 0.246475 0.0542173 -0.991162 
109.208 8000 0.0113074 0.0213067 0.0507243 1.22204 0.989422 0.0499465 0 25 -10 
0.701428 -5.95174 -0.00630916 -3.09641 0.0725343 0.909516 0.00639797 -0.1 2.17937 -1.00509 5.12905 0.226949 3.90835 0.702533 -0.161699 -1.21903 0.246693 0.0542186 -0.989625 
108.7 8000 0.0113553 0.0213249 0.0508729 1.22204 0.990835 0.0499389 0 25 -10 
0.702238 -5.95093 -0.0054795 -3.09785 0.0730465 0.910458 0.00633383 -0.1 2.17842 -1.00533 5.12869 0.22629 3.90804 0.701897 -0.163117 -1.21981 0.246969 0.0541315 -0.985054 
108.193 8000 0.0115244 0.0214357 0.0511621 1.22204 0.992067 0.0499227 0 25 -10 
0.703683 -5.94806 -0.00475388 -3.09842 0.0734293 0.910395 0.00691904 -0.1 2.17611 -1.0059 5.12727 0.224051 3.90707 0.700408 -0.166818 -1.22173 0.247339 0.0539205 -0.976127 
107.689 8000 0.0118345 0.0216536 0.051618 1.22204 0.99314 0.0498964 0 25 -10 
0.705952 -5.94257 -0.0041201 -3.09797 0.0736739 0.909124 0.00830625 -0.1 2.17205 -1.00688 5.1245 0.219825 3.90525 0.697831 -0.173413 -1.2251 0.247838 0.0535519 -0.961599 
107.189 8000 0.0122999 0.0219891 0.0522598 1.22204 0.994074 0.0498587 0 25 -10 
0.709199 -5.93403 -0.00356725 -3.09639 0.0737737 0.906481 0.0106208 -0.1 2.16595 -1.00836 5.12018 0.21328 3.90245 0.693976 -0.183404 -1.23017 0.248496 0.052998 -0.940443 
106.693 8000 0.0129282 0.0224475 0.053098 1.22204 0.994885 0.0498092 0 25 -10 
0.713535 -5.92214 -0.00308558 -3.09359 0.0737255 0.902355 0.0139494 -0.1 2.15759 -1.01038 5.11414 0.204184 3.89856 0.688707 -0.197144 -1.23712 0.249333 0.0522394 -0.911935 
106.202 8000 0.0137202 0.0230293 0.0541346 1.22204 0.995589 0.0497477 0 25 -10 
0.719018 -5.90674 -0.00266643 -3.08956 0.0735298 0.896696 0.0183344 -0.1 2.14686 -1.01297 5.10631 0.192419 3.89354 0.681956 -0.214812 -1.24603 0.250361 0.0512662 -0.875697 
105.717 8000 0.0146704 0.0237302 0.0553636 1.22204 0.996199 0.0496745 0 25 -10 
0.725654 -5.88783 -0.00230211 -3.08431 0.0731915 0.889512 0.0237743 -0.1 2.13376 -1.01614 5.09669 0.177981 3.88738 0.673717 -0.23642 -1.25692 0.251582 0.0500777 -0.831693 
105.238 8000 0.0157679 0.024542 0.0567722 1.22204 0.996728 0.0495905 0 25 -10 
0.733403 -5.86554 -0.0019858 -3.07788 0.0727189 0.880869 0.0302274 -0.1 2.11836 -1.01985 5.08535 0.160974 3.88013 0.664045 -0.261818 -1.26971 0.25299 0.0486818 -0.780205 
104.766 8000 0.0169976 0.0254533 0.0583418 1.22204 0.997186 0.0494968 0 25 -10 
0.742183 -5.84012 -0.00171147 -3.07037 0.0721236 0.870879 0.0376173 -0.1 2.10085 -1.02407 5.07241 0.141589 3.87187 0.653047 -0.290729 -1.28426 0.254572 0.047094 -0.72178 
104.302 8000 0.0183411 0.02645 0.0600501 1.22204 0.997581 0.0493947 0 25 -10 
0.751881 -5.81191 -0.0014738 -3.06191 0.0714193 0.85969 0.0458412 -0.1 2.08145 -1.02875 5.05805 0.120085 3.86271 0.640867 -0.322765 -1.30038 0.256309 0.0453352 -0.657176 
103.845 8000 0.0197779 0.0275171 0.0618721 1.22204 0.997922 0.0492857 0 25 -10 
0.762364 -5.78133 -0.00126809 -3.05263 0.0706216 0.847478 0.0547768 -0.1 2.06044 -1.03382 5.04249 0.096776 3.85278 0.627679 -0.357469 -1.31783 0.258177 0.0434305 -0.587305 
103.396 8000 0.0212868 0.0286386 0.0637815 1.22204 0.998217 0.0491714 0 25 -10 
0.77348 -5.74882 -0.00109023 -3.04268 0.0697468 0.834432 0.0642901 -0.1 2.03813 -1.0392 5.02594 0.0720024 3.84222 0.613674 -0.394334 -1.33637 0.260153 0.0414077 -0.513169 
102.956 8000 0.0228465 0.0297983 0.0657518 1.22204 0.998471 0.0490534 0 25 -10 
0.785074 -5.71485 -0.000936588 -3.03221 0.0688116 0.82075 0.0742422 -0.1 2.01482 -1.04481 5.00864 0.0461202 3.83119 0.599052 -0.432835 -1.35573 0.262208 0.0392955 -0.435812 
102.525 8000 0.0244362 0.030981 0.0677577 1.22204 0.99869 0.0489333 0 25 -10 
0.796991 -5.67989 -0.00080399 -3.02139 0.0678322 0.806627 0.0844949 -0.1 1.99085 -1.05059 4.99084 0.0194836 3.81984 0.584011 -0.472447 -1.37564 0.264317 0.0371227 -0.356277 
102.103 8000 0.0260367 0.032172 0.0697751 1.22204 0.998878 0.0488124 0 25 -10 
0.809081 -5.64438 -0.000689658 -3.01036 0.0668241 0.792252 0.0949152 -0.1 1.96652 -1.05646 4.97277 -0.00756689 3.80832 0.568742 -0.512665 -1.39586 0.266453 0.0349168 -0.275568 
101.69 8000 0.0276302 0.0333581 0.0717822 1.22204 0.99904 0.0486921 0 25 -10 
0.821204 -5.60874 -0.000591161 -2.99926 0.0658016 0.777799 0.105379 -0.1 1.9421 -1.06234 4.95462 -0.0347132 3.79675 0.553424 -0.553019 -1.41615 0.268592 0.0327036 -0.194621 
101.286 8000 0.0292011 0.0345277 0.0737594 1.22204 0.999179 0.0485736 0 25 -10 
0.833234 -5.57336 -0.000506377 -2.9882 0.0647778 0.763427 0.115774 -0.1 1.91787 -1.06819 4.93661 -0.0616667 3.78527 0.538218 -0.593081 -1.43628 0.270712 0.0305066 -0.114289 
100.893 8000 0.0307357 0.0356704 0.07569 1.22204 0.999298 0.0484579 0 25 -10 
0.845057 -5.53856 -0.000433458 -2.97731 0.0637639 0.749277 0.126001 -0.1 1.89403 -1.07393 4.91889 -0.0881722 3.77398 0.523267 -0.632473 -1.45608 0.272794 0.0283465 -0.0353222 
100.509 8000 0.0322228 0.0367779 0.0775598 1.22204 0.999401 0.0483458 0 25 -10 
0.856578 -5.50463 -0.000370793 -2.96668 0.06277 0.735469 0.135973 -0.1 1.87081 -1.07953 4.90162 -0.11401 3.76297 0.508695 -0.670869 -1.47538 0.274822 0.026241 0.0416309 
100.134 8000 0.0336529 0.0378431 0.0793574 1.22204 0.999488 0.0482381 0 25 -10 
0.867716 -5.47182 -0.000316982 -2.95638 0.0618042 0.722104 0.14562 -0.1 1.84835 -1.08494 4.88491 -0.138998 3.75232 0.494605 -0.707999 -1.49404 0.276781 0.0242051 0.11603 
99.7702 8000 0.0350188 0.0388606 0.0810739 1.22204 0.999563 0.0481351 0 25 -10 
0.878405 -5.44032 -0.00027081 -2.94648 0.0608734 0.709264 0.154884 -0.1 1.82678 -1.09014 4.86887 -0.162987 3.7421 0.481079 -0.743643 -1.51195 0.278661 0.0222507 0.187441 
99.4159 8000 0.0363152 0.0398265 0.0827025 1.22204 0.999628 0.0480375 0 25 -10 
0.888596 -5.41028 -0.00023122 -2.93703 0.0599827 0.697013 0.16372 -0.1 1.80622 -1.09509 4.85358 -0.185863 3.73236 0.468182 -0.777632 -1.52903 0.280452 0.0203871 0.255527 
99.0715 8000 0.0375385 0.0407379 0.0842388 1.22204 0.999683 0.0479454 0 25 -10 
0.898252 -5.38181 -0.000197299 -2.92807 0.0591362 0.685395 0.172096 -0.1 1.78674 -1.09979 4.83908 -0.207544 3.72312 0.45596 -0.809843 -1.54522 0.282149 0.018621 0.320043 
98.737 8000 0.0386864 0.0415932 0.0856803 1.22204 0.99973 0.0478589 0 25 -10 
0.90735 -5.35498 -0.000168255 -2.91961 0.0583365 0.674443 0.17999 -0.1 1.76838 -1.10421 4.82543 -0.227974 3.71442 0.444444 -0.840195 -1.56047 0.283747 0.0169569 0.38083 
98.4123 8000 0.0397583 0.042392 0.0870261 1.22204 0.99977 0.0477782 0 25 -10 
0.915876 -5.32983 -0.000143405 -2.91169 0.0575854 0.664173 0.18739 -0.1 1.75117 -1.10836 4.81262 -0.247124 3.70626 0.43365 -0.868644 -1.57477 0.285244 0.0153971 0.437799 
98.0974 8000 0.0407545 0.0431343 0.0882766 1.22204 0.999804 0.0477032 0 25 -10 
0.923827 -5.30637 -0.000122156 -2.90429 0.0568835 0.654591 0.194293 -0.1 1.73512 -1.11223 4.80068 -0.264985 3.69865 0.423583 -0.895177 -1.5881 0.28664 0.0139424 0.490929 
97.7922 8000 0.0416763 0.0438212 0.0894335 1.22204 0.999834 0.0476338 0 25 -10 
0.931208 -5.2846 -0.000103998 -2.89742 0.0562308 0.645693 0.200702 -0.1 1.72022 -1.11582 4.78959 -0.281567 3.69158 0.414237 -0.91981 -1.60048 0.287935 0.012592 0.54025 
97.4965 8000 0.0425257 0.0444542 0.0904995 1.22204 0.999859 0.0475699 0 25 -10 
0.93803 -5.26447 -8.84924e-05 -2.89106 0.0556266 0.637465 0.206627 -0.1 1.70645 -1.11914 4.77935 -0.296895 3.68505 0.405598 -0.94258 -1.61193 0.289133 0.0113436 0.585838 
97.2104 8000 0.0433054 0.0450353 0.0914779 1.22204 0.99988 0.0475112 0 25 -10 
0.94431 -5.24593 -7.52589e-05 -2.88521 0.0550697 0.629888 0.212083 -0.1 1.69377 -1.1222 4.76991 -0.311007 3.67904 0.397645 -0.963543 -1.62246 0.290235 0.0101943 0.627806 
96.9335 8000 0.0440185 0.0455668 0.0923726 1.22204 0.999898 0.0474575 0 25 -10 
0.95007 -5.22893 -6.39716e-05 -2.87984 0.0545582 0.622938 0.217087 -0.1 1.68214 -1.125 4.76126 -0.32395 3.67353 0.390351 -0.98277 -1.63212 0.291245 0.00914027 0.666296 
96.6659 8000 0.0446684 0.0460512 0.0931881 1.22204 0.999914 0.0474086 0 25 -10 
0.955333 -5.2134 -5.43498e-05 -2.87493 0.0540904 0.616584 0.221661 -0.1 1.67151 -1.12756 4.75335 -0.335779 3.66849 0.383685 -1.00034 -1.64095 0.292169 0.008177 0.701469 
96.4073 8000 0.045259 0.0464914 0.093929 1.22204 0.999927 0.0473642 0 25 -10 
0.960126 -5.19925 -4.61526e-05 -2.87046 0.0536639 0.610797 0.225827 -0.1 1.66184 -1.12989 4.74614 -0.346553 3.6639 0.377613 -1.01634 -1.64899 0.293009 0.00729965 0.733504 
96.1575 8000 0.0457929 0.0468894 0.0945988 1.22204 0.999938 0.047324 0 25 -10 
0.964478 -5.1864 -3.91729e-05 -2.8664 0.0532764 0.605541 0.229609 -0.1 1.65305 -1.13201 4.7396 -0.356335 3.65973 0.372101 -1.03087 -1.65629 0.293773 0.0065031 0.762588 
95.9165 8000 0.0462688 0.0472441 0.0951957 1.22204 0.999947 0.0472882 0 25 -10 
0.968417 -5.17477 -3.32331e-05 -2.86272 0.0529253 0.600783 0.233033 -0.1 1.64509 -1.13393 4.73368 -0.365189 3.65596 0.367112 -1.04403 -1.6629 0.294463 0.00578208 0.788914 
95.684 8000 0.0466772 0.0475485 0.095708 1.22204 0.999955 0.0472575 0 25 -10 
0.971973 -5.16427 -2.8181e-05 -2.8594 0.0526082 0.596488 0.236124 -0.1 1.63791 -1.13566 4.72834 -0.373181 3.65255 0.362608 -1.0559 -1.66887 0.295087 0.00513129 0.812675 
95.4598 8000 0.0470009 0.0477897 0.096114 1.22204 0.999962 0.0472331 0 25 -10 
0.975173 -5.15482 -2.39219e-05 -2.85641 0.0523226 0.592621 0.238906 -0.1 1.63145 -1.13721 4.72353 -0.380376 3.64949 0.358554 -1.06658 -1.67424 0.295648 0.00454549 0.834062 
95.2438 8000 0.0472176 0.0479512 0.096386 1.22204 0.999968 0.0472168 0 25 -10 
0.978046 -5.14635 -2.20349e-05 -2.85371 0.0520667 0.589158 0.241398 -0.1 1.62567 -1.1386 4.71921 -0.386845 3.64674 0.354919 -1.07615 -1.67904 0.296151 0.0040208 0.853241 
95.0358 8000 0.0473044 0.0480159 0.096495 1.22204 0.999973 0.0472103 0 25 -10 
0.980619 -5.13883 -3.22958e-05 -2.85117 0.0518416 0.586112 0.243589 -0.1 1.62066 -1.13977 4.71533 -0.392707 3.64434 0.351694 -1.08453 -1.6832 0.296592 0.00355947 0.870253 
94.8355 8000 0.0472405 0.0479682 0.0964153 1.22204 0.999977 0.0472151 0 25 -10 
0.982919 -5.13234 -7.94057e-05 -2.84852 0.0516539 0.583573 0.245416 -0.1 1.61669 -1.14058 4.71185 -0.398162 3.64239 0.348909 -1.0914 -1.6865 0.296961 0.00317485 0.884925 
94.6428 8000 0.0470102 0.0477964 0.0961268 1.22204 0.999981 0.0472324 0 25 -10 
0.984969 -5.12703 -0.000202741 -2.84535 0.0515158 0.581701 0.246763 -0.1 1.61426 -1.14079 4.70869 -0.403492 3.64105 0.346637 -1.09622 -1.68852 0.297233 0.00289127 0.896869 
94.4575 8000 0.0466038 0.0474933 0.0956177 1.22204 0.999984 0.0472629 0 25 -10 
0.986793 -5.12313 -0.000450549 -2.84114 0.0514425 0.580703 0.247482 -0.1 1.61398 -1.14012 4.7058 -0.409026 3.64055 0.344971 -1.09829 -1.68875 0.297378 0.00273978 0.905564 
94.2793 8000 0.0460185 0.0470569 0.0948844 1.22204 0.999986 0.0473069 0 25 -10 
0.988412 -5.12087 -0.000872711 -2.83537 0.0514501 0.580793 0.247419 -0.1 1.61649 -1.13826 4.70311 -0.415098 3.64111 0.344015 -1.09686 -1.68666 0.297366 0.00275291 0.910456 
94.1081 8000 0.045258 0.0464899 0.0939316 1.22204 0.999988 0.0473641 0 25 -10 
0.989848 -5.12047 -0.00151434 -2.82758 0.0515531 0.582165 0.246434 -0.1 1.62237 -1.13494 4.70058 -0.422013 3.64295 0.343859 -1.09127 -1.68178 0.297168 0.00295996 0.911046 
93.9436 8000 0.044332 0.0457994 0.0927713 1.22204 0.99999 0.0474337 0 25 -10 
0.991117 -5.12207 -0.00241115 -2.81739 0.0517627 0.58497 0.244419 -0.1 1.63205 -1.12994 4.69814 -0.430018 3.64621 0.344572 -1.08102 -1.67373 0.296763 0.00338364 0.90696 
93.7858 8000 0.0432548 0.0449963 0.0914216 1.22204 0.999992 0.0475147 0 25 -10 
0.992238 -5.12577 -0.00358671 -2.80453 0.0520858 0.589301 0.241307 -0.1 1.64584 -1.12313 4.69576 -0.439287 3.65101 0.346194 -1.06578 -1.66227 0.296138 0.00403807 0.89798 
93.6342 8000 0.0420446 0.0440938 0.089905 1.22204 0.999993 0.0476057 0 25 -10 
0.993226 -5.13158 -0.00505152 -2.78891 0.0525249 0.59519 0.237076 -0.1 1.66384 -1.11445 4.69341 -0.449916 3.65738 0.348731 -1.04543 -1.64732 0.295287 0.00492805 0.884065 
93.4889 8000 0.0407217 0.0431075 0.0882474 1.22204 0.999994 0.0477052 0 25 -10 
0.994096 -5.13946 -0.00680337 -2.77051 0.0530778 0.602609 0.231746 -0.1 1.68599 -1.10392 4.69107 -0.461924 3.66529 0.352161 -1.02006 -1.62891 0.294215 0.00604938 0.865341 
93.3495 8000 0.0393081 0.0420535 0.086476 1.22204 0.999995 0.0478114 0 25 -10 
0.99486 -5.14927 -0.00882871 -2.74947 0.0537387 0.611477 0.225373 -0.1 1.71209 -1.09163 4.68873 -0.475263 3.67467 0.35643 -0.989921 -1.60723 0.292933 0.00738977 0.842084 
93.2159 8000 0.0378261 0.0409485 0.0846189 1.22204 0.999996 0.0479229 0 25 -10 
0.99553 -5.16086 -0.0111045 -2.72601 0.054498 0.621668 0.21805 -0.1 1.74179 -1.07773 4.68638 -0.489827 3.68539 0.361466 -0.955429 -1.58255 0.29146 0.00893027 0.814696 
93.0879 8000 0.0362976 0.0398088 0.0827035 1.22204 0.999996 0.0480378 0 25 -10 
0.996117 -5.174 -0.0136006 -2.70042 0.0553441 0.633024 0.20989 -0.1 1.77466 -1.06241 4.68403 -0.505467 3.69729 0.367176 -0.917107 -1.55523 0.289819 0.0106469 0.78367 
92.9653 8000 0.0347432 0.0386498 0.0807558 1.22204 0.999997 0.0481547 0 25 -10 
0.996631 -5.18846 -0.0162816 -2.67304 0.0562633 0.645363 0.201023 -0.1 1.81021 -1.0459 4.68167 -0.522003 3.71018 0.373458 -0.875556 -1.5257 0.288036 0.012512 0.749563 
92.8479 8000 0.0331823 0.0374859 0.0787997 1.22204 0.999997 0.048272 0 25 -10 
0.99708 -5.20399 -0.0191096 -2.64424 0.0572412 0.65849 0.19159 -0.1 1.84788 -1.02844 4.67933 -0.539235 3.72386 0.380201 -0.831418 -1.49439 0.286138 0.0144963 0.712968 
92.7356 8000 0.031632 0.03633 0.076857 1.22204 0.999998 0.0483886 0 25 -10 
0.997471 -5.22032 -0.0220452 -2.61442 0.058263 0.672206 0.181734 -0.1 1.88715 -1.01028 4.67701 -0.556956 3.73814 0.387295 -0.785353 -1.46177 0.284156 0.0165698 0.674483 
92.6281 8000 0.0301074 0.0351933 0.0749466 1.22204 0.999998 0.0485032 0 25 -10 
0.997812 -5.23722 -0.0250498 -2.58396 0.0593141 0.686316 0.171594 -0.1 1.92745 -0.991664 4.67473 -0.574959 3.75281 0.394631 -0.738006 -1.42828 0.282116 0.0187029 0.634695 
92.5253 8000 0.0286216 0.0340855 0.0730847 1.22204 0.999999 0.0486149 0 25 -10 
0.998109 -5.25444 -0.0280867 -2.55321 0.0603808 0.700636 0.161304 -0.1 1.96828 -0.972825 4.67249 -0.593047 3.76768 0.402107 -0.689993 -1.39435 0.280046 0.0208675 0.594162 
92.427 8000 0.0271853 0.0330145 0.0712848 1.22204 0.999999 0.0487229 0 25 -10 
0.998367 -5.27176 -0.0311216 -2.52252 0.0614502 0.714993 0.150986 -0.1 2.00917 -0.953979 4.67031 -0.611037 3.78258 0.409626 -0.641881 -1.36037 0.277971 0.0230379 0.553396 
92.333 8000 0.025807 0.0319868 0.0695576 1.22204 0.999999 0.0488265 0 25 -10 
0.998592 -5.28899 -0.0341239 -2.49219 0.0625109 0.729234 0.140753 -0.1 2.04968 -0.935321 4.66821 -0.628763 3.79735 0.417105 -0.594183 -1.32672 0.275912 0.0251906 0.512861 
92.2433 8000 0.0244934 0.0310074 0.0679115 1.22204 0.999999 0.0489253 0 25 -10 
0.998786 -5.30595 -0.0370666 -2.46249 0.0635529 0.743222 0.130701 -0.1 2.08943 -0.917022 4.66618 -0.64608 3.81185 0.424466 -0.547348 -1.29368 0.273891 0.0273052 0.472962 
92.1575 8000 0.0232492 0.0300797 0.0663523 1.22204 0.999999 0.0490189 0 25 -10 
0.998955 -5.3225 -0.0399267 -2.43364 0.0645674 0.756842 0.120913 -0.1 2.12811 -0.899226 4.66424 -0.662865 3.82596 0.431647 -0.501759 -1.26154 0.271922 0.0293642 0.434045 
92.0756 8000 0.0220775 0.029206 0.064884 1.22204 0.999999 0.049107 0 25 -10 
0.9991 -5.3385 -0.0426852 -2.40583 0.0655474 0.769999 0.111458 -0.1 2.16545 -0.882053 4.6624 -0.679017 3.83959 0.438594 -0.457732 -1.23051 0.27002 0.0313531 0.396399 
91.9975 8000 0.0209799 0.0283877 0.0635086 1.22204 0.999999 0.0491895 0 25 -10 
0.999227 -5.35387 -0.0453272 -2.37921 0.0664872 0.782616 0.102392 -0.1 2.20124 -0.865601 4.66065 -0.694455 3.85265 0.445265 -0.415523 -1.20078 0.268196 0.0332604 0.360255 
91.9229 8000 0.0199569 0.0276249 0.0622267 1.22204 1 0.0492664 0 25 -10 
0.999336 -5.36853 -0.047841 -2.35388 0.0673824 0.794634 0.0937551 -0.1 2.23532 -0.84994 4.65901 -0.70912 3.86509 0.451626 -0.375323 -1.17246 0.266459 0.0350773 0.325789 
91.8518 8000 0.0190077 0.0269172 0.0610372 1.22204 1 0.0493378 0 25 -10 
0.99943 -5.38242 -0.0502186 -2.32994 0.0682299 0.806012 0.0855786 -0.1 2.26756 -0.835124 4.65746 -0.722969 3.87687 0.457654 -0.337272 -1.14567 0.264814 0.0367973 0.293131 
91.7839 8000 0.0181309 0.0262634 0.0599385 1.22204 1 0.0494037 0 25 -10 
0.999511 -5.39551 -0.0524548 -2.30743 0.0690277 0.816723 0.0778818 -0.1 2.29791 -0.821185 4.65602 -0.735979 3.88795 0.463333 -0.301458 -1.12045 0.263266 0.0384164 0.262365 
91.7192 8000 0.0173242 0.0256619 0.0589275 1.22204 1 0.0494643 0 25 -10 
0.999581 -5.40777 -0.0545473 -2.28638 0.0697747 0.826752 0.0706746 -0.1 2.32632 -0.80814 4.65468 -0.748139 3.89833 0.468654 -0.267926 -1.09685 0.261816 0.0399326 0.233537 
91.6576 8000 0.0165847 0.0251106 0.0580009 1.22204 1 0.0495199 0 25 -10 
0.999641 -5.4192 -0.0564958 -2.26677 0.0704708 0.836097 0.0639591 -0.1 2.35278 -0.79599 4.65345 -0.759451 3.908 0.473615 -0.236686 -1.07486 0.260465 0.0413453 0.206659 
91.5988 8000 0.0159094 0.024607 0.0571546 1.22204 1 0.0495707 0 25 -10 
0.999692 -5.42981 -0.0583021 -2.2486 0.0711164 0.844765 0.0577301 -0.1 2.37732 -0.784724 4.6523 -0.769928 3.91696 0.47822 -0.207712 -1.05447 0.259212 0.0426556 0.181716 
91.5429 8000 0.0152946 0.0241486 0.0563842 1.22204 1 0.0496169 0 25 -10 
0.999737 -5.43962 -0.0599695 -2.23183 0.0717127 0.852771 0.0519773 -0.1 2.39997 -0.774323 4.65125 -0.779593 3.92524 0.482474 -0.180955 -1.03565 0.258055 0.0438658 0.15867 
91.4896 8000 0.0147368 0.0237327 0.0556852 1.22204 1 0.0496589 0 25 -10 
0.999775 -5.44864 -0.0615026 -2.21642 0.0722612 0.860135 0.0466854 -0.1 2.42081 -0.764759 4.65029 -0.788473 3.93285 0.48639 -0.156343 -1.01833 0.256991 0.0449791 0.137461 
91.4388 8000 0.0142321 0.0233564 0.0550528 1.22204 1 0.0496968 0 25 -10 
0.999808 -5.45691 -0.0629071 -2.2023 0.0727638 0.866883 0.0418358 -0.1 2.43991 -0.755996 4.64942 -0.796602 3.93983 0.489979 -0.133791 -1.00246 0.256015 0.0459992 0.118017 
91.3905 8000 0.0137769 0.023017 0.0544823 1.22204 1 0.0497311 0 25 -10 
0.999836 -5.46447 -0.0641891 -2.18941 0.0732228 0.873046 0.0374073 -0.1 2.45734 -0.747996 4.64862 -0.804019 3.9462 0.493258 -0.113198 -0.987978 0.255125 0.0469308 0.100257 
91.3446 8000 0.0133673 0.0227116 0.053969 1.22204 1 0.0497619 0 25 -10 
0.99986 -5.47135 -0.0653555 -2.17768 0.0736406 0.878654 0.0333767 -0.1 2.47321 -0.740716 4.64789 -0.810764 3.952 0.496243 -0.0944561 -0.974795 0.254314 0.0477787 0.0840872 
91.3009 8000 0.0129997 0.0224375 0.0535084 1.22204 1 0.0497895 0 25 -10 
0.999881 -5.47759 -0.0664135 -2.16705 0.0740196 0.883743 0.02972 -0.1 2.4876 -0.734113 4.64724 -0.816879 3.95726 0.498952 -0.0774535 -0.962837 0.253578 0.048548 0.0694134 
91.2593 8000 0.0126706 0.0221921 0.053096 1.22204 1 0.0498142 0 25 -10 
0.999898 -5.48324 -0.0673702 -2.15744 0.0743624 0.888346 0.0264122 -0.1 2.50061 -0.728142 4.64665 -0.822407 3.96202 0.501403 -0.0620743 -0.95202 0.252913 0.0492438 0.0561368 
91.2198 8000 0.0123767 0.021973 0.0527277 1.22204 1 0.0498363 0 25 -10 
0.999913 -5.48833 -0.068233 -2.14877 0.0746717 0.892498 0.0234286 -0.1 2.51236 -0.722756 4.64612 -0.827389 3.96631 0.503615 -0.0482027 -0.942265 0.252313 0.0498715 0.0441585 
91.1822 8000 0.0121148 0.0217777 0.0523995 1.22204 1 0.049856 0 25 -10 
0.999926 -5.49292 -0.069009 -2.14097 0.0749499 0.896233 0.0207445 -0.1 2.52292 -0.717912 4.64564 -0.83187 3.97017 0.505605 -0.0357243 -0.93349 0.251773 0.0504361 0.0333807 
91.1465 8000 0.0118819 0.0216041 0.0521076 1.22204 1 0.0498735 0 25 -10 
0.999937 -5.49704 -0.0697052 -2.13398 0.0751995 0.899584 0.0183361 -0.1 2.53239 -0.713566 4.64521 -0.835888 3.97364 0.507391 -0.0245277 -0.925617 0.251288 0.0509427 0.0237079 
91.1126 8000 0.0116752 0.0214499 0.0518486 1.22204 1 0.0498891 0 25 -10 
0.999947 -5.50072 -0.0703282 -2.12772 0.075423 0.902584 0.0161802 -0.1 2.54087 -0.709676 4.64483 -0.839482 3.97674 0.50899 -0.0145055 -0.91857 0.250855 0.0513963 0.015048 
91.0803 8000 0.0114921 0.0213134 0.0516191 1.22204 1 0.0499029 0 25 -10 
0.999955 -5.50401 -0.0708845 -2.12213 0.0756225 0.905264 0.0142548 -0.1 2.54845 -0.706202 4.64449 -0.842692 3.9795 0.510418 -0.00555515 -0.912277 0.250467 0.0518013 0.00731276 
91.0497 8000 0.0113301 0.0211927 0.0514162 1.22204 1 0.049915 0 25 -10 
0.999957 -5.50695 -0.0713789 -2.11717 0.0758004 0.907651 0.0125391 -0.1 2.55519 -0.703109 4.6442 -0.845546 3.98197 0.511692 0.00242019 -0.906676 0.250122 0.0521622 0.000419678 
91.0207 8000 0.0111872 0.0210861 0.0512371 1.22204 1 0.0499258 0 25 -10 
0.999925 -5.50963 -0.0718088 -2.11288 0.0759585 0.909774 0.0110133 -0.1 2.56111 -0.700373 4.64398 -0.848055 3.98415 0.512838 0.0095103 -0.901751 0.249815 0.0524832 -0.00570437 
90.9931 8000 0.0110613 0.0209922 0.0510793 1.22204 1 0.0499352 0 25 -10 
0.999779 -5.51221 -0.072157 -2.10951 0.0760988 0.911659 0.00965931 -0.1 2.56615 -0.697995 4.64394 -0.85018 3.98605 0.513899 0.0157963 -0.897566 0.249543 0.052768 -0.0111178 
90.9669 8000 0.0109505 0.0209096 0.0509405 1.22204 1 0.0499436 0 25 -10 
0.999388 -5.51497 -0.0723908 -2.10749 0.0762231 0.913328 0.00845996 -0.0999998 2.57011 -0.696 4.64427 -0.851837 3.98766 0.514936 0.0213503 -0.894277 0.249302 0.0530203 -0.0158635 
90.9421 8000 0.0108532 0.0208371 0.0508186 1.22204 1 0.0499509 0 25 -10 
0.998584 -5.51821 -0.0724671 -2.1074 0.0763331 0.914803 0.00739956 -0.0999895 2.57273 -0.69443 4.64517 -0.852909 3.98894 0.516022 0.0262368 -0.8921 0.249088 0.0532434 -0.019973 
90.9185 8000 0.0107679 0.0207734 0.0507117 1.22204 1 0.0499573 0 25 -10 
0.997192 -5.52229 -0.0723399 -2.10984 0.0764301 0.916105 0.00646367 -0.0999043 2.57373 -0.693334 4.64688 -0.853269 3.98985 0.517235 0.0305137 -0.891268 0.2489 0.0534403 -0.0234707 
90.8962 8000 0.0106932 0.0207177 0.050618 1.22204 1 0.0499629 0 25 -10 
0.99505 -5.52751 -0.071967 -2.11538 0.0765155 0.917253 0.00563905 -0.0995652 2.57285 -0.692757 4.64963 -0.8528 3.99038 0.518643 0.034234 -0.891996 0.248734 0.0536137 -0.026379 
90.875 8000 0.0106278 0.020669 0.0505361 1.22204 1 0.0499678 0 25 -10 
0.992027 -5.53413 -0.0713145 -2.12445 0.0765907 0.918262 0.00491366 -0.0986713 2.5699 -0.692733 4.65358 -0.85141 3.9905 0.520304 0.0374469 -0.894453 0.248588 0.0537663 -0.0287213 
90.8549 8000 0.0105707 0.0206264 0.0504646 1.22204 1 0.0499721 0 25 -10 
0.988033 -5.54231 -0.0703604 -2.13737 0.0766567 0.919149 0.00427655 -0.0968426 2.56473 -0.69328 4.65885 -0.849041 3.9902 0.52226 0.0401986 -0.898746 0.24846 0.0539004 -0.0305246 
90.8359 8000 0.010521 0.0205893 0.0504022 1.22204 1 0.0499759 0 25 -10 
0.983027 -5.55216 -0.0690951 -2.15426 0.0767147 0.919926 0.00371782 -0.0936779 2.55731 -0.694397 4.6655 -0.845673 3.98947 0.524533 0.0425329 -0.904911 0.248348 0.0540179 -0.0318207 
90.8179 8000 0.0104776 0.020557 0.0503479 1.22204 1 0.0499791 0 25 -10 
0.977009 -5.56369 -0.0675218 -2.17508 0.0767654 0.920607 0.00322852 -0.0888074 2.54767 -0.696068 4.67352 -0.841322 3.98833 0.52713 0.0444916 -0.912916 0.248249 0.0541208 -0.0326457 
90.8008 8000 0.0104398 0.0205288 0.0503006 1.22204 1 0.049982 0 25 -10 
0.970023 -5.57683 -0.065655 -2.19967 0.0768097 0.921203 0.00280062 -0.0819323 2.53594 -0.698261 4.68286 -0.836038 3.98681 0.53004 0.046114 -0.922667 0.248163 0.0542108 -0.0330399 
90.7846 8000 0.0104071 0.0205044 0.0502595 1.22204 1 0.0499844 0 25 -10 
0.962144 -5.59146 -0.0635184 -2.2277 0.0768485 0.921723 0.00242692 -0.072849 2.52228 -0.70093 4.69341 -0.829899 3.98494 0.533242 0.0474378 -0.934018 0.248088 0.0542895 -0.0330469 
90.7693 8000 0.0103786 0.0204831 0.0502238 1.22204 1 0.0499866 0 25 -10 
0.953478 -5.60741 -0.0611435 -2.25879 0.0768822 0.922176 0.00210097 -0.0614579 2.50692 -0.70402 4.70503 -0.823004 3.98276 0.5367 0.0484984 -0.946783 0.248023 0.054358 -0.0327121 
90.7548 8000 0.0103539 0.0204647 0.0501928 1.22204 1 0.0499884 0 25 -10 
0.944144 -5.62448 -0.0585665 -2.29246 0.0769117 0.922572 0.00181702 -0.0477626 2.49011 -0.707468 4.71756 -0.815466 3.98031 0.540374 0.0493287 -0.960748 0.247965 0.0544178 -0.0320818 
90.741 8000 0.0103325 0.0204488 0.050166 1.22204 1 0.04999 0 25 -10 
0.934276 -5.64243 -0.0558268 -2.32821 0.0769373 0.922915 0.00156997 -0.031859 2.47213 -0.71121 4.73081 -0.80741 3.97765 0.54422 0.0499597 -0.975687 0.247916 0.0544697 -0.0312017 
90.728 8000 0.010314 0.020435 0.0501428 1.22204 1 0.0499914 0 25 -10 
0.924012 -5.66102 -0.0529649 -2.36552 0.0769595 0.923214 0.00135526 -0.0139215 2.45326 -0.715177 4.7446 -0.79896 3.97482 0.548188 0.0504195 -0.991363 0.247873 0.0545149 -0.0301163 
90.7158 8000 0.010298 0.0204231 0.0501228 1.22204 1 0.0499926 0 25 -10 
0.913487 -5.68003 -0.0500206 -2.40388 0.0769788 0.923473 0.00116887 0.0058154 2.43378 -0.719307 4.75874 -0.790239 3.97187 0.552232 0.050734 -1.00755 0.247835 0.0545541 -0.0288676 
90.7041 8000 0.0102842 0.0204128 0.0501055 1.22204 1 0.0499937 0 25 -10 
0.902832 -5.69923 -0.0470323 -2.44278 0.0769956 0.923698 0.00100724 0.0270744 2.41396 -0.723535 4.77307 -0.781366 3.96885 0.556306 0.0509267 -1.02402 0.247803 0.0545881 -0.0274946 
90.6931 8000 0.0102722 0.0204039 0.0500905 1.22204 1 0.0499946 0 25 -10 
0.892169 -5.71841 -0.0440352 -2.48178 0.0770101 0.923893 0.000867231 0.0495528 2.39403 -0.727807 4.78741 -0.772449 3.96579 0.560366 0.0510185 -1.04058 0.247774 0.0546176 -0.0260331 
90.6827 8000 0.010262 0.0203962 0.0500776 1.22204 1 0.0499953 0 25 -10 
0.881607 -5.73738 -0.0410615 -2.52046 0.0770227 0.924062 0.000746071 0.0729374 2.37423 -0.732069 4.80162 -0.763588 3.96273 0.564376 0.0510279 -1.05703 0.24775 0.0546431 -0.0245149 
90.6729 8000 0.0102531 0.0203896 0.0500665 1.22204 1 0.049996 0 25 -10 
0.871243 -5.75596 -0.0381393 -2.55846 0.0770335 0.924208 0.000641326 0.0969179 2.35474 -0.736278 4.81556 -0.754869 3.95971 0.5683 0.0509715 -1.07323 0.247729 0.0546651 -0.0229681 
90.6636 8000 0.0102455 0.0203839 0.050057 1.22204 1 0.0499966 0 25 -10 
0.861158 -5.77403 -0.0352928 -2.59547 0.0770429 0.924333 0.000550995 0.121197 2.33573 -0.740393 4.82913 -0.746367 3.95676 0.572109 0.050863 -1.08902 0.247711 0.0546841 -0.0214171 
90.6548 8000 0.0102389 0.020379 0.0500488 1.22204 1 0.0499971 0 25 -10 
0.851418 -5.79144 -0.0325419 -2.63123 0.077051 0.924442 0.0004806 0.145497 2.31733 -0.744398 4.84223 -0.738136 3.95388 0.575774 0.0506987 -1.10431 0.247695 0.0547003 -0.0198823 
90.6464 8000 0.0102333 0.0203748 0.0500417 1.22204 1 0.0499975 0 25 -10 
0.842058 -5.80805 -0.0299028 -2.66554 0.077058 0.924536 0.00047835 0.16957 2.29962 -0.748362 4.85477 -0.730179 3.95101 0.579239 0.0503797 -1.11908 0.24768 0.0547121 -0.0183808 
90.6386 8000 0.0102285 0.0203712 0.0500357 1.22204 1 0.0499979 0 25 -10 
0.833061 -5.82357 -0.0273878 -2.69828 0.077064 0.924616 0.000685548 0.193195 2.28258 -0.752542 4.86663 -0.7224 3.94791 0.582382 0.0496024 -1.13347 0.247661 0.0547149 -0.0169263 
90.6312 8000 0.0102243 0.0203681 0.0500305 1.22204 1 0.0499982 0 25 -10 
0.824355 -5.83765 -0.0250058 -2.7294 0.0770692 0.924686 0.00134526 0.216183 2.26606 -0.757396 4.87768 -0.714597 3.94416 0.585011 0.0478389 -1.14779 0.247633 0.0547002 -0.0155296 
90.6242 8000 0.0102208 0.0203655 0.050026 1.22204 1 0.0499984 0 25 -10 
0.815832 -5.84983 -0.0227626 -2.75889 0.0770736 0.924746 0.00276804 0.238378 2.24989 -0.763517 4.88776 -0.706495 3.93921 0.586888 0.0444126 -1.16247 0.247588 0.0546571 -0.0141985 
90.6175 8000 0.0102177 0.0203632 0.0500222 1.22204 1 0.0499987 0 25 -10 
0.807364 -5.85964 -0.0206613 -2.78681 0.0770774 0.924797 0.00528425 0.259655 2.2338 -0.771542 4.89675 -0.697793 3.93249 0.587762 0.0386027 -1.17798 0.247516 0.0545742 -0.012939 
90.6113 8000 0.0102151 0.0203613 0.0500189 1.22204 1 0.0499989 0 25 -10 
0.798826 -5.86668 -0.0187026 -2.81321 0.0770807 0.924841 0.00919996 0.279918 2.21758 -0.782064 4.90451 -0.688204 3.92346 0.587405 0.0297408 -1.19479 0.24741 0.0544406 -0.0117545 
90.6054 8000 0.0102129 0.0203596 0.0500161 1.22204 1 0.049999 0 25 -10 
0.79011 -5.87063 -0.0168852 -2.83818 0.0770835 0.924879 0.0147639 0.299099 2.20103 -0.795565 4.91096 -0.67749 3.91168 0.585632 0.0172837 -1.21326 0.247263 0.0542477 -0.0106469 
90.5998 8000 0.010211 0.0203582 0.0500137 1.22204 1 0.0499992 0 25 -10 
0.781134 -5.87127 -0.0152061 -2.86179 0.0770859 0.924911 0.0221471 0.317154 2.18398 -0.812382 4.91604 -0.665481 3.89684 0.582321 0.000857289 -1.23367 0.247071 0.0539894 -0.00961676 
90.5946 8000 0.0102093 0.020357 0.0500117 1.22204 1 0.0499993 0 25 -10 
0.771847 -5.86851 -0.013661 -2.88413 0.077088 0.924939 0.0314349 0.33406 2.16635 -0.832688 4.91974 -0.652084 3.87878 0.577413 -0.0197243 -1.25617 0.246832 0.053663 -0.00866313 
90.5896 8000 0.0102079 0.0203559 0.0500099 1.22204 1 0.0499994 0 25 -10 
0.762229 -5.86241 -0.0122446 -2.90525 0.0770898 0.924963 0.0426275 0.349813 2.1481 -0.856491 4.92209 -0.637283 3.8575 0.570916 -0.0444618 -1.28079 0.246545 0.0532683 -0.00778429 
90.5849 8000 0.0102067 0.020355 0.0500085 1.22204 1 0.0499995 0 25 -10 
0.75229 -5.85308 -0.0109507 -2.92524 0.0770913 0.924983 0.0556482 0.364425 2.12924 -0.883652 4.92314 -0.621132 3.83313 0.562894 -0.0731872 -1.30746 0.246213 0.0528083 -0.00697771 
90.5805 8000 0.0102057 0.0203543 0.0500072 1.22204 1 0.0499996 0 25 -10 
0.742066 -5.84077 -0.00977281 -2.94413 0.0770926 0.925 0.0703556 0.377922 2.10985 -0.913906 4.92298 -0.603742 3.80592 0.553463 -0.105591 -1.33598 0.245838 0.052288 -0.0062403 
90.5764 8000 0.0102049 0.0203536 0.0500061 1.22204 1 0.0499996 0 25 -10 
0.731609 -5.82578 -0.00870382 -2.96196 0.0770937 0.925015 0.0865576 0.390338 2.09003 -0.946893 4.92173 -0.585275 3.77618 0.542774 -0.141253 -1.36613 0.245426 0.0517142 -0.00556853 
90.5724 8000 0.0102041 0.0203531 0.0500052 1.22204 1 0.0499997 0 25 -10 
0.720988 -5.80845 -0.00773659 -2.97879 0.0770946 0.925028 0.104027 0.401718 2.0699 -0.982181 4.91949 -0.565922 3.74432 0.531007 -0.179676 -1.39759 0.244983 0.0510952 -0.00495863 
90.5687 8000 0.0102035 0.0203526 0.0500044 1.22204 1 0.0499997 0 25 -10 
0.710281 -5.78918 -0.0068639 -2.99464 0.0770954 0.925039 0.122513 0.412111 2.04961 -1.0193 4.91642 -0.545896 3.71076 0.518357 -0.220314 -1.43005 0.244514 0.0504398 -0.00440663 
90.5652 8000 0.010203 0.0203522 0.0500037 1.22204 1 0.0499998 0 25 -10 
0.699569 -5.76833 -0.00607864 -3.00954 0.0770961 0.925048 0.14176 0.421572 2.02933 -1.05776 4.91263 -0.525419 3.67596 0.505026 -0.262603 -1.46315 0.244026 0.0497572 -0.00390854 
90.5619 8000 0.0102025 0.0203519 0.0500032 1.22204 1 0.0499998 0 25 -10 
0.688934 -5.74631 -0.00537384 -3.02351 0.0770967 0.925056 0.161509 0.430156 2.00919 -1.09707 4.90826 -0.504711 3.64036 0.491214 -0.305981 -1.49654 0.243526 0.0490566 -0.00346033 
90.5588 8000 0.0102021 0.0203516 0.0500027 1.22204 1 0.0499998 0 25 -10 
0.678452 -5.72349 -0.0047428 -3.03659 0.0770972 0.925062 0.181516 0.437922 1.98934 -1.13678 4.90345 -0.483984 3.60438 0.477115 -0.34991 -1.52991 0.243019 0.0483466 -0.00305808 
90.5559 8000 0.0102018 0.0203514 0.0500023 1.22204 1 0.0499999 0 25 -10 
0.668196 -5.7002 -0.0041791 -3.0488 0.0770976 0.925068 0.20155 0.444928 1.96993 -1.17643 4.8983 -0.463433 3.56843 0.462907 -0.393891 -1.56294 0.242512 0.0476356 -0.00269799 
90.5532 8000 0.0102015 0.0203511 0.0500019 1.22204 1 0.0499999 0 25 -10 
0.65823 -5.67677 -0.00367667 -3.06018 0.077098 0.925073 0.221406 0.451231 1.95107 -1.21565 4.89294 -0.443235 3.53286 0.448752 -0.437469 -1.59536 0.242009 0.0469308 -0.00237641 
90.5506 8000 0.0102013 0.020351 0.0500016 1.22204 1 0.0499999 0 25 -10 
0.64861 -5.65348 -0.0032298 -3.07074 0.0770983 0.925077 0.240899 0.456888 1.93286 -1.25408 4.88745 -0.423545 3.49799 0.434794 -0.480245 -1.62693 0.241516 0.0462388 -0.00208985 
90.5481 8000 0.0102011 0.0203508 0.0500014 1.22204 1 0.0499999 0 25 -10 
0.63938 -5.63057 -0.00283313 -3.08053 0.0770985 0.925081 0.259874 0.461948 1.9154 -1.29143 4.88193 -0.404494 3.46409 0.421158 -0.521879 -1.65745 0.241036 0.0455651 -0.00183507 
90.5458 8000 0.0102009 0.0203507 0.0500012 1.22204 1 0.0499999 0 25 -10 
0.630577 -5.60824 -0.00248171 -3.08957 0.0770988 0.925083 0.278201 0.466422 1.89875 -1.32746 4.87644 -0.38619 3.43138 0.407946 -0.562084 -1.68675 0.240572 0.0449144 -0.001609 
90.5436 8000 0.0102008 0.0203506 0.050001 1.22204 1 0.0499999 0 25 -10 
0.622228 -5.58667 -0.00217094 -3.09789 0.0770989 0.925086 0.295776 0.470218 1.88295 -1.36197 4.87106 -0.368716 3.40004 0.395242 -0.600634 -1.71469 0.240128 0.0442904 -0.00140877 
90.5416 8000 0.0102007 0.0203505 0.0500008 1.22204 1 0.05 0 25 -10 
0.614353 -5.56598 -0.00189662 -3.10556 0.0770976 0.925087 0.312514 0.473113 1.86805 -1.39482 4.86583 -0.352148 3.37021 0.383105 -0.637359 -1.7412 0.239705 0.043698 -0.00123074 
90.5397 8000 0.0102006 0.0203504 0.0500007 1.22204 1 0.05 0 25 -10 
0.606975 -5.54629 -0.00165487 -3.1127 0.0770841 0.925081 0.328331 0.474789 1.85399 -1.42588 4.86079 -0.336612 3.34201 0.371536 -0.672159 -1.7662 0.239311 0.043154 -0.00106518 
90.5379 8000 0.0102005 0.0203504 0.0500006 1.22204 1 0.05 0 25 -10 
0.600135 -5.5277 -0.00144217 -3.11967 0.0770267 0.925048 0.343113 0.474881 1.8406 -1.4551 4.85598 -0.322385 3.31558 0.360426 -0.705039 -1.7897 0.238964 0.042704 -0.000887815 
90.5362 8000 0.0102004 0.0203503 0.0500005 1.22204 1 0.05 0 25 -10 
0.593898 -5.51029 -0.00125533 -3.12706 0.0768695 0.924954 0.3567 0.473044 1.82758 -1.48243 4.85143 -0.309922 3.29105 0.349544 -0.736103 -1.81175 0.238694 0.0424266 -0.000657911 
90.5346 8000 0.0102003 0.0203503 0.0500004 1.22204 1 0.05 0 25 -10 
0.588344 -5.49414 -0.00109145 -3.13559 0.0765402 0.924755 0.36891 0.468987 1.8145 -1.50785 4.84716 -0.299792 3.26858 0.338575 -0.765535 -1.83241 0.238538 0.0424224 -0.000323571 
90.5331 8000 0.0102003 0.0203502 0.0500004 1.22204 1 0.05 0 25 -10 
0.583553 -5.47933 -0.000947916 -3.14609 0.0759613 0.924406 0.379559 0.462508 1.80091 -1.53137 4.84319 -0.292596 3.24833 0.327172 -0.793558 -1.85181 0.238538 0.042799 0.000170542 
90.5316 8000 0.0102002 0.0203502 0.0500003 1.22204 1 0.05 0 25 -10 
0.579596 -5.4659 -0.000822373 -3.15927 0.0750606 0.923862 0.388488 0.453505 1.78639 -1.55301 4.83953 -0.288883 3.23039 0.315001 -0.820408 -1.87004 0.23873 0.0436564 0.000876009 
90.5303 8000 0.0102002 0.0203502 0.0500003 1.22204 1 0.05 0 25 -10 
0.576527 -5.45387 -0.000712717 -3.17577 0.0737787 0.923086 0.39558 0.441978 1.77056 -1.57283 4.83619 -0.289092 3.21485 0.301779 -0.846305 -1.88723 0.239147 0.045076 0.00183519 
90.529 8000 0.0102002 0.0203501 0.0500002 1.22204 1 0.05 0 25 -10 
0.574373 -5.44323 -0.00061706 -3.19602 0.0720744 0.922056 0.400767 0.428021 1.75315 -1.59089 4.83315 -0.293512 3.20173 0.287298 -0.871435 -1.90348 0.239807 0.0471138 0.00307787 
90.5279 8000 0.0102001 0.0203501 0.0500002 1.22204 1 0.05 0 25 -10 
0.573138 -5.43397 -0.000533719 -3.22026 0.0699266 0.920756 0.404039 0.411806 1.73402 -1.60726 4.83043 -0.302266 3.19099 0.271437 -0.895945 -1.91888 0.240722 0.049798 0.00461978 
90.5268 8000 0.0102001 0.0203501 0.0500002 1.22204 1 0.05 0 25 -10 
0.572799 -5.42603 -0.000461197 -3.24852 0.067334 0.919188 0.405435 0.393573 1.7131 -1.62204 4.82801 -0.31532 3.18256 0.254159 -0.919934 -1.9335 0.241891 0.0531287 0.00646276 
90.5257 8000 0.0102001 0.0203501 0.0500001 1.22204 1 0.05 0 25 -10 
0.573313 -5.41934 -0.000398161 -3.28069 0.0643135 0.91736 0.405045 0.373606 1.69045 -1.63532 4.82587 -0.332491 3.17631 0.235505 -0.943461 -1.94741 0.243304 0.0570808 0.00859599 
90.5247 8000 0.0102001 0.0203501 0.0500001 1.22204 1 0.05 0 25 -10 
0.574616 -5.41382 -0.000343434 -3.31645 0.0608973 0.915293 0.402997 0.352215 1.66619 -1.6472 4.824 -0.353475 3.17211 0.215585 -0.966547 -1.96066 0.244943 0.0616077 0.0109979 
90.5238 8000 0.0102001 0.0203501 0.0500001 1.22204 1 0.05 0 25 -10 
0.576631 -5.40938 -0.000295972 -3.35542 0.0571296 0.913013 0.399448 0.329728 1.64053 -1.65778 4.82238 -0.37787 3.16976 0.194561 -0.989179 -1.97327 0.246783 0.0666463 0.0136386 
90.5229 8000 0.0102001 0.02035 0.0500001 1.22204 1 0.05 0 25 -10 
0.579272 -5.40592 -0.000254853 -3.39709 0.0530631 0.910552 0.394576 0.306467 1.61371 -1.66717 4.82099 -0.405209 3.16908 0.172634 -1.01132 -1.98527 0.248795 0.0721213 0.016482 
90.5221 8000 0.0102001 0.02035 0.0500001 1.22204 1 0.05 0 25 -10 
0.582445 -5.40333 -0.000219267 -3.44091 0.0487559 0.907945 0.388572 0.282747 1.58602 -1.67547 4.81981 -0.434985 3.16985 0.150027 -1.03293 -1.99667 0.250948 0.0779504 0.0194886 
90.5214 8000 0.0102 0.02035 0.0500001 1.22204 1 0.05 0 25 -10 
0.586056 -5.40151 -0.000188498 -3.48633 0.0442681 0.90523 0.381629 0.25886 1.55774 -1.68278 4.81882 -0.466675 3.17187 0.126977 -1.05393 -2.0075 0.253208 0.0840483 0.0226172 
90.5206 8000 0.0102 0.02035 0.05 1.22204 1 0.05 0 25 -10 
0.590014 -5.40037 -0.000161922 -3.53276 0.0396597 0.902441 0.37394 0.235073 1.52918 -1.68919 4.818 -0.499758 3.17494 0.103718 -1.07427 -2.01775 0.255543 0.0903299 0.0258265 
90.52 8000 0.0102 0.02035 0.05 1.22204 1 0.05 0 25 -10 
0.594229 -5.39979 -0.000138987 -3.57966 0.0349884 0.899614 0.365687 0.211623 1.50061 -1.69479 4.81732 -0.533737 3.17886 0.0804791 -1.09389 -2.02744 0.257922 0.0967136 0.029077 
90.5193 8000 0.0102 0.02035 0.05 1.22204 1 0.05 0 25 -10 
0.598619 -5.3997 -0.000119212 -3.62653 0.0303078 0.896781 0.357041 0.188713 1.4723 -1.69967 4.81678 -0.568147 3.18346 0.05747 -1.11272 -2.03657 0.260315 0.103123 0.032332 
90.5187 8000 0.0102 0.02035 0.05 1.22204 1 0.05 0 25 -10 
0.603109 -5.40001 -0.000102178 -3.67288 0.0256666 0.893972 0.34816 0.166515 1.44448 -1.70391 4.81634 -0.602565 3.18857 0.0348816 -1.13071 -2.04515 0.262695 0.10949 0.0355578 
90.5182 8000 0.0102 0.02035 0.05 1.22204 1 0.05 0 25 -10 
0.607631 -5.40063 -8.7516e-05 -3.71833 0.0211079 0.891214 0.339183 0.145169 1.41737 -1.70758 4.81601 -0.636617 3.19403 0.012881 -1.14783 -2.05318 0.26504 0.115753 0.038725 
90.5176 8000 0.0102 0.02035 0.05 1.22204 1 0.05 0 25 -10 
0.612126 -5.40151 -7.4907e-05 -3.76252 0.0166684 0.888527 0.330231 0.124782 1.39114 -1.71075 4.81576 -0.66998 3.19973 -0.00839023 -1.16404 -2.06068 0.267329 0.121859 0.0418082 
90.5171 8000 0.0102 0.02035 0.05 1.22204 1 0.05 0 25 -10 
0.616546 -5.40259 -6.4072e-05 -3.80515 0.0123789 0.885931 0.321409 0.105435 1.36595 -1.71347 4.81557 -0.702382 3.20554 -0.028816 -1.17933 -2.06767 0.269544 0.127765 0.0447864 
90.5167 7999.99 0.0102 0.02035 0.05 1.22204 1 0.05 0 25 -10 
0.620849 -5.4038 -5.47687e-05 -3.846 0.00826401 0.883441 0.312804 0.0871826 1.34189 -1.7158 4.81545 -0.733603 3.21136 -0.0483053 -1.19368 -2.07415 0.271673 0.133436 0.0476426 
90.5162 7999.76 0.0102 0.02035 0.05 1.22204 1 0.05 0 25 -10 
0.625 -5.40511 -4.67866e-05 -3.88488 0.00434279 0.881068 0.304487 0.0700558 1.31907 -1.7178 4.81537 -0.763467 3.21712 -0.066791 -1.2071 -2.08014 0.273705 0.138844 0.0503639 
90.5158 7998.2 0.0102 0.02035 0.05 1.22204 1 0.05 0 25 -10 
0.628975 -5.40647 -3.99431e-05 -3.92168 0.000628898 0.87882 0.296512 0.0540662 1.29753 -1.7195 4.81533 -0.791845 3.22274 -0.0842278 -1.21959 -2.08568 0.275632 0.143969 0.0529407 
90.5154 7992.54 0.0102 0.02035 0.05 1.22204 1 0.05 0 25 -10 
0.632753 -5.40786 -3.40801e-05 -3.9563 -0.00286873 0.876703 0.288922 0.0392084 1.27732 -1.72094 4.81532 -0.818649 3.22818 -0.10059 -1.23119 -2.09076 0.277449 0.148799 0.0553672 
90.5151 7978.47 0.0102 0.02035 0.05 1.22204 1 0.05 0 25 -10 
0.636322 -5.40924 -2.90606e-05 -3.98872 -0.00614538 0.87472 0.281744 0.0254628 1.25844 -1.72217 4.81534 -0.843823 3.2334 -0.11587 -1.2419 -2.09542 0.279152 0.153326 0.05764 
90.5147 7950.77 0.0102 0.02035 0.05 1.22204 1 0.05 0 25 -10 
0.639673 -5.41061 -2.47661e-05 -4.01892 -0.0092 0.872872 0.274998 0.0127984 1.24088 -1.7232 4.81537 -0.867344 3.23836 -0.130074 -1.25177 -2.09969 0.280742 0.157549 0.0597586 
90.5144 7904.1 0.0102 0.02035 0.05 1.22204 1 0.05 0 25 -10 
0.642803 -5.41193 -2.10944e-05 -4.04693 -0.0120346 0.871156 0.268693 0.00117502 1.22462 -1.72407 4.81542 -0.889215 3.24304 -0.143221 -1.26083 -2.10357 0.282218 0.161468 0.0617244 
90.5141 7833.69 0.0102 0.02035 0.05 1.22204 1 0.05 0 25 -10 
0.645711 -5.4132 -1.79571e-05 -4.0728 -0.0146538 0.869571 0.262828 -0.00945419 1.20963 -1.7248 4.81548 -0.90946 3.24743 -0.155341 -1.26911 -2.10711 0.283583 0.165092 0.0635406 
90.5138 7735.8 0.0102 0.02035 0.05 1.22204 1 0.05 0 25 -10 
0.648401 -5.41442 -1.52783e-05 -4.0966 -0.0170643 0.868112 0.2574 -0.0191411 1.19586 -1.72542 4.81554 -0.928121 3.25153 -0.166473 -1.27667 -2.11031 0.28484 0.168427 0.065212 
90.5136 7608.02 0.0102 0.02035 0.05 1.22204 1 0.05 0 25 -10 
0.650878 -5.41556 -1.29923e-05 -4.11841 -0.0192743 0.866775 0.252398 -0.0279408 1.18326 -1.72593 4.81561 -0.945256 3.25533 -0.17666 -1.28355 -2.11321 0.285993 0.171487 0.0667442 
90.5133 7449.33 0.0102 0.02035 0.05 1.22204 1 0.05 0 25 -10 
0.653151 -5.41663 -1.10426e-05 -4.13833 -0.0212934 0.865553 0.247806 -0.0359103 1.17176 -1.72635 4.81568 -0.96093 3.25884 -0.18595 -1.28978 -2.11582 0.287047 0.174282 0.068144 
90.5131 7260.06 0.0102 0.02035 0.05 1.22204 1 0.05 0 25 -10 
0.655228 -5.41763 -9.38082e-06 -4.15646 -0.0231318 0.86444 0.243608 -0.043107 1.16131 -1.72671 4.81575 -0.975219 3.26207 -0.194397 -1.29541 -2.11818 0.288007 0.176828 0.0694184 
90.5129 7041.75 0.0102 0.02035 0.05 1.22204 1 0.05 0 25 -10 
0.65712 -5.41856 -7.9652e-06 -4.17291 -0.0248004 0.86343 0.239782 -0.0495881 1.15183 -1.727 4.81582 -0.988203 3.26503 -0.202052 -1.3005 -2.12029 0.288879 0.17914 0.0705751 
90.5127 6796.92 0.0102 0.02035 0.05 1.22204 1 0.05 0 25 -10 
0.658837 -5.41941 -6.75996e-06 -4.18779 -0.0263104 0.862517 0.236308 -0.0554096 1.14327 -1.72724 4.81589 -0.999963 3.26773 -0.208971 -1.30507 -2.12219 0.289668 0.181232 0.0716218 
90.5125 6528.85 0.0102 0.02035 0.05 1.22204 1 0.05 0 25 -10 
0.660391 -5.4202 -5.73439e-06 -4.20122 -0.0276729 0.861692 0.233163 -0.0606258 1.13555 -1.72744 4.81595 -1.01059 3.27018 -0.215207 -1.30917 -2.12388 0.290381 0.18312 0.0725662 
90.5123 6241.34 0.0102 0.02035 0.05 1.22204 1 0.05 0 25 -10 
0.661793 -5.42092 -4.86217e-06 -4.2133 -0.0288992 0.86095 0.230325 -0.0652886 1.12861 -1.7276 4.81601 -1.02015 3.2724 -0.220812 -1.31285 -2.12539 0.291022 0.18482 0.0734161 
90.5121 5938.49 0.0102 0.02035 0.05 1.22204 1 0.05 0 25 -10 
0.663055 -5.42157 -4.12076e-06 -4.22415 -0.0299999 0.860284 0.22777 -0.0694474 1.12238 -1.72773 4.81607 -1.02875 3.27441 -0.225839 -1.31613 -2.12674 0.291598 0.186346 0.074179 
90.512 5624.47 0.0102 0.02035 0.05 1.22204 1 0.05 0 25 -10 
0.664187 -5.42216 -3.49086e-06 -4.23385 -0.0309856 0.859687 0.225476 -0.0731488 1.11681 -1.72783 4.81612 -1.03645 3.27621 -0.230336 -1.31906 -2.12793 0.292114 0.187712 0.0748622 
90.5118 5303.4 0.0102 0.02035 0.05 1.22204 1 0.05 0 25 -10 
0.665201 -5.42269 -2.95597e-06 -4.24252 -0.0318662 0.859154 0.223422 -0.0764362 1.11184 -1.72792 4.81617 -1.04334 3.27784 -0.23435 -1.32167 -2.129 0.292575 0.188933 0.0754725 
90.5117 4979.19 0.0102 0.02035 0.05 1.22204 1 0.05 0 25 -10 
0.666106 -5.42318 -2.50198e-06 -4.25025 -0.0326511 0.858679 0.221588 -0.0793504 1.10741 -1.72799 4.81621 -1.04948 3.27929 -0.237926 -1.32398 -2.12994 0.292986 0.190022 0.0760165 
90.5116 4655.48 0.0102 0.02035 0.05 1.22204 1 0.05 0 25 -10 
0.666912 -5.42361 -2.11683e-06 -4.25712 -0.0333494 0.858257 0.219952 -0.0819289 1.10348 -1.72804 4.81626 -1.05494 3.28059 -0.241104 -1.32603 -2.13077 0.293352 0.19099 0.0765004 
90.5114 4335.49 0.0102 0.02035 0.05 1.22204 1 0.05 0 25 -10 
0.66763 -5.424 -1.79025e-06 -4.26322 -0.0339693 0.857881 0.218498 -0.0842062 1.09998 -1.72809 4.81629 -1.0598 3.28175 -0.243923 -1.32785 -2.1315 0.293676 0.19185 0.0769299 
90.5113 4022.09 0.0102 0.02035 0.05 1.22204 1 0.05 0 25 -10 
0.668266 -5.42434 -1.51344e-06 -4.26863 -0.0345185 0.857549 0.217207 -0.0862142 1.09689 -1.72812 4.81633 -1.0641 3.28278 -0.24642 -1.32945 -2.13215 0.293964 0.192612 0.0773105 
90.5112 3717.68 0.0102 0.02035 0.05 1.22204 1 0.05 0 25 -10 
0.66883 -5.42465 -1.27893e-06 -4.27341 -0.0350043 0.857255 0.216063 -0.0879816 1.09416 -1.72815 4.81636 -1.06791 3.28369 -0.248626 -1.33087 -2.13272 0.294219 0.193286 0.0776471 
90.5111 3424.25 0.0102 0.02035 0.05 1.22204 1 0.05 0 25 -10 
0.669328 -5.42493 -1.08035e-06 -4.27763 -0.0354331 0.856996 0.215052 -0.089535 1.09174 -1.72817 4.81639 -1.07128 3.2845 -0.250573 -1.33211 -2.13322 0.294444 0.193881 0.0779443 
90.511 3143.39 0.0102 0.02035 0.05 1.22204 1 0.05 0 25 -10 
0.669768 -5.42517 -9.12257e-07 -4.28135 -0.0358111 0.856767 0.214159 -0.0908981 1.08962 -1.72818 4.81641 -1.07424 3.28522 -0.252288 -1.3332 -2.13366 0.294642 0.194406 0.0782062 
90.5109 2876.3 0.0102 0.02035 0.05 1.22204 1 0.05 0 25 -10 
0.670155 -5.42539 -7.70033e-07 -4.28462 -0.0361436 0.856566 0.213373 -0.0920925 1.08775 -1.72819 4.81643 -1.07685 3.28585 -0.253796 -1.33417 -2.13405 0.294816 0.194867 0.0784367 
90.5109 2623.79 0.0102 0.02035 0.05 1.22204 1 0.05 0 25 -10 
0.670496 -5.42558 -6.49747e-07 -4.28749 -0.0364358 0.856389 0.212681 -0.0931376 1.08611 -1.7282 4.81645 -1.07915 3.2864 -0.25512 -1.33501 -2.13438 0.294969 0.195273 0.0786391 
90.5108 2386.41 0.0102 0.02035 0.05 1.22204 1 0.05 0 25 -10 
0.670795 -5.42575 -5.48055e-07 -4.29001 -0.0366921 0.856234 0.212074 -0.0940508 1.08467 -1.72821 4.81647 -1.08116 3.28689 -0.256281 -1.33574 -2.13468 0.295104 0.195629 0.0788167 
90.5107 2164.38 0.0102 0.02035 0.05 1.22204 1 0.05 0 25 -10 
0.671058 -5.42589 -4.62118e-07 -4.29222 -0.0369166 0.856098 0.211541 -0.0948477 1.08341 -1.72821 4.81649 -1.08292 3.28732 -0.257298 -1.33639 -2.13493 0.295221 0.19594 0.0789722 
90.5106 1957.72 0.0102 0.02035 0.05 1.22204 1 0.05 0 25 -10 
0.671287 -5.42602 -3.89522e-07 -4.29415 -0.037113 0.855979 0.211075 -0.0955423 1.08231 -1.72822 4.8165 -1.08447 3.2877 -0.258187 -1.33695 -2.13516 0.295324 0.196213 0.0791083 
90.5106 1766.21 0.0102 0.02035 0.05 1.22204 1 0.05 0 25 -10 
0.671488 -5.42614 -3.2822e-07 -4.29584 -0.0372845 0.855875 0.210667 -0.096147 1.08135 -1.72822 4.81651 -1.08582 3.28803 -0.258963 -1.33744 -2.13535 0.295414 0.196451 0.0792271 
90.5105 1589.48 0.0102 0.02035 0.05 1.22204 1 0.05 0 25 -10 
0.671663 -5.42624 -2.76474e-07 -4.29731 -0.0374342 0.855785 0.210311 -0.0966727 1.08051 -1.72822 4.81653 -1.08699 3.28832 -0.25964 -1.33787 -2.13552 0.295493 0.196659 0.0793308 
90.5105 1427.05 0.0102 0.02035 0.05 1.22204 1 0.05 0 25 -10 
0.671816 -5.42633 -2.32811e-07 -4.29859 -0.0375646 0.855706 0.21 -0.0971293 1.07978 -1.72822 4.81653 -1.08802 3.28857 -0.260229 -1.33824 -2.13567 0.295561 0.19684 0.0794212 
90.5104 1278.3 0.0102 0.02035 0.05 1.22204 1 0.05 0 25 -10 
0.671949 -5.4264 -1.95981e-07 -4.29971 -0.037678 0.855637 0.209729 -0.0975254 1.07914 -1.72822 4.81654 -1.08891 3.28879 -0.260742 -1.33856 -2.1358 0.295621 0.196997 0.0794998 
90.5104 1142.55 0.0102 0.02035 0.05 1.22204 1 0.05 0 25 -10 
0.672065 -5.42647 -1.64925e-07 -4.30067 -0.0377767 0.855577 0.209494 -0.0978686 1.07859 -1.72822 4.81655 -1.08969 3.28898 -0.261188 -1.33884 -2.13591 0.295673 0.197134 0.0795681 
90.5103 1019.08 0.0102 0.02035 0.05 1.22204 1 0.05 0 25 -10 
0.672166 -5.42653 -1.38748e-07 -4.30152 -0.0378623 0.855525 0.209289 -0.0981658 1.07811 -1.72822 4.81656 -1.09036 3.28915 -0.261575 -1.33909 -2.13601 0.295718 0.197253 0.0796275 
90.5103 907.118 0.0102 0.02035 0.05 1.22204 1 0.05 0 25 -10 
0.672253 -5.42658 -1.1669e-07 -4.30225 -0.0379366 0.85548 0.209112 -0.0984228 1.07769 -1.72822 4.81656 -1.09095 3.28929 -0.26191 -1.3393 -2.13609 0.295757 0.197356 0.0796789 
90.5102 805.898 0.0102 0.02035 0.05 1.22204 1 0.05 0 25 -10 
0.672329 -5.42662 -9.81103e-08 -4.30288 -0.0380009 0.855442 0.208958 -0.0986449 1.07733 -1.72821 4.81657 -1.09145 3.28942 -0.262201 -1.33948 -2.13616 0.29579 0.197446 0.0797235 
90.5102 714.64 0.0102 0.02035 0.05 1.22204 1 0.05 0 25 -10 
0.672395 -5.42666 -8.24644e-08 -4.30343 -0.0380566 0.855408 0.208825 -0.0988366 1.07702 -1.72821 4.81657 -1.09189 3.28953 -0.262452 -1.33964 -2.13622 0.29582 0.197523 0.0797621 
90.5102 632.583 0.0102 0.02035 0.05 1.22204 1 0.05 0 25 -10 
0.672451 -5.42669 -6.92937e-08 -4.3039 -0.0381048 0.855379 0.208709 -0.0990019 1.07675 -1.72821 4.81658 -1.09227 3.28962 -0.26267 -1.33977 -2.13628 0.295845 0.19759 0.0797955 
90.5101 558.984 0.0102 0.02035 0.05 1.22204 1 0.05 0 25 -10 
0.6725 -5.42672 -5.821e-08 -4.30431 -0.0381464 0.855353 0.20861 -0.0991443 1.07652 -1.72821 4.81658 -1.0926 3.2897 -0.262857 -1.33989 -2.13632 0.295867 0.197648 0.0798243 
90.5101 493.129 0.0102 0.02035 0.05 1.22204 1 0.05 0 25 -10 
0.672543 -5.42675 -4.88856e-08 -4.30466 -0.0381823 0.855332 0.208524 -0.099267 1.07632 -1.72821 4.81658 -1.09288 3.28977 -0.263019 -1.33999 -2.13636 0.295886 0.197698 0.0798492 
90.5101 434.338 0.0102 0.02035 0.05 1.22204 1 0.05 0 25 -10 
0.672579 -5.42677 -4.10435e-08 -4.30497 -0.0382133 0.855313 0.208449 -0.0993724 1.07614 -1.72821 4.81658 -1.09313 3.28983 -0.263159 -1.34008 -2.1364 0.295902 0.197741 0.0798706 
90.5101 381.967 0.0102 0.02035 0.05 1.22204 1 0.05 0 25 -10 
0.672611 -5.42679 -3.44502e-08 -4.30523 -0.03824 0.855297 0.208385 -0.0994631 1.07599 -1.72821 4.81659 -1.09334 3.28988 -0.263279 -1.34015 -2.13643 0.295916 0.197778 0.0798891 
90.51 335.411 0.0102 0.02035 0.05 1.22204 1 0.05 0 25 -10 
0.672638 -5.4268 -2.89084e-08 -4.30545 -0.0382629 0.855283 0.20833 -0.099541 1.07587 -1.72821 4.81659 -1.09352 3.28993 -0.263383 -1.34022 -2.13645 0.295928 0.19781 0.079905 
90.51 294.108 0.0102 0.02035 0.05 1.22204 1 0.05 0 25 -10 
0.672661 -5.42682 -2.42517e-08 -4.30565 -0.0382827 0.855271 0.208283 -0.0996078 1.07576 -1.72821 4.81659 -1.09367 3.28997 -0.263472 -1.34027 -2.13647 0.295938 0.197837 0.0799187 
90.51 257.535 0.0102 0.02035 0.05 1.22204 1 0.05 0 25 -10 
0.672681 -5.42683 -2.034e-08 -4.30581 -0.0382996 0.855261 0.208242 -0.0996651 1.07566 -1.72821 4.81659 -1.09381 3.29 -0.263548 -1.34032 -2.13649 0.295947 0.197861 0.0799305 
90.51 225.208 0.0102 0.02035 0.05 1.22204 1 0.05 0 25 -10 
0.672698 -5.42684 -1.70548e-08 -4.30596 -0.0383142 0.855252 0.208207 -0.0997142 1.07558 -1.7282 4.81659 -1.09392 3.29003 -0.263614 -1.34036 -2.13651 0.295955 0.197881 0.0799406 
90.5099 196.684 0.0102 0.02035 0.05 1.22204 1 0.05 0 25 -10 
0.672713 -5.42685 -1.42967e-08 -4.30608 -0.0383267 0.855244 0.208177 -0.0997563 1.07551 -1.7282 4.81659 -1.09402 3.29005 -0.26367 -1.3404 -2.13652 0.295961 0.197898 0.0799492 
90.5099 171.559 0.0102 0.02035 0.05 1.22204 1 0.05 0 25 -10 
0.672726 -5.42686 -1.19817e-08 -4.30619 -0.0383374 0.855238 0.208151 -0.0997923 1.07545 -1.7282 4.81659 -1.09411 3.29008 -0.263718 -1.34043 -2.13653 0.295967 0.197913 0.0799566 
90.5099 149.462 0.0102 0.02035 0.05 1.22204 1 0.05 0 25 -10 
0.672737 -5.42686 -1.00392e-08 -4.30628 -0.0383466 0.855232 0.208129 -0.099823 1.0754 -1.7282 4.8166 -1.09418 3.29009 -0.26376 -1.34045 -2.13654 0.295972 0.197926 0.079963 
90.5099 130.06 0.0102 0.02035 0.05 1.22204 1 0.05 0 25 -10 
0.672746 -5.42687 -8.40957e-09 -4.30635 -0.0383545 0.855228 0.20811 -0.0998493 1.07535 -1.7282 4.8166 -1.09424 3.29011 -0.263795 -1.34047 -2.13655 0.295976 0.197937 0.0799685 
90.5099 113.048 0.0102 0.02035 0.05 1.22204 1 0.05 0 25 -10 
0.672754 -5.42687 -7.04283e-09 -4.30642 -0.0383612 0.855223 0.208094 -0.0998718 1.07532 -1.7282 4.8166 -1.09429 3.29012 -0.263825 -1.34049 -2.13656 0.29598 0.197946 0.0799731 
90.5099 98.153 0.0102 0.02035 0.05 1.22204 1 0.05 0 25 -10 
0.672761 -5.42688 -5.89686e-09 -4.30648 -0.0383669 0.85522 0.20808 -0.099891 1.07528 -1.7282 4.8166 -1.09434 3.29013 -0.263851 -1.34051 -2.13656 0.295983 0.197954 0.0799771 
90.5098 85.1303 0.0102 0.02035 0.05 1.22204 1 0.05 0 25 -10 
0.672767 -5.42688 -4.93623e-09 -4.30652 -0.0383719 0.855217 0.208068 -0.0999073 1.07526 -1.7282 4.8166 -1.09438 3.29014 -0.263873 -1.34052 -2.13657 0.295985 0.197961 0.0799805 
90.5098 73.7593 0.0102 0.02035 0.05 1.22204 1 0.05 0 25 -10 
0.672772 -5.42688 -4.13117e-09 -4.30656 -0.0383761 0.855214 0.208058 -0.0999212 1.07523 -1.7282 4.8166 -1.09441 3.29015 -0.263892 -1.34053 -2.13657 0.295987 0.197967 0.0799834 
90.5098 63.8433 0.0102 0.02035 0.05 1.22204 1 0.05 0 25 -10 
0.672776 -5.42689 -3.45665e-09 -4.3066 -0.0383796 0.855212 0.208049 -0.0999331 1.07521 -1.7282 4.8166 -1.09444 3.29016 -0.263908 -1.34054 -2.13658 0.295989 0.197972 0.0799859 
90.5098 55.2068 0.0102 0.02035 0.05 1.22204 1 0.05 0 25 -10 
0.672779 -5.42689 -2.89164e-09 -4.30663 -0.0383827 0.85521 0.208042 -0.0999432 1.0752 -1.7282 4.8166 -1.09446 3.29017 -0.263922 -1.34055 -2.13658 0.295991 0.197976 0.079988 
90.5098 47.6937 0.0102 0.02035 0.05 1.22204 1 0.05 0 25 -10 
0.672783 -5.42689 -2.41846e-09 -4.30666 -0.0383853 0.855209 0.208036 -0.0999518 1.07518 -1.7282 4.8166 -1.09448 3.29017 -0.263934 -1.34056 -2.13658 0.295992 0.19798 0.0799898 
90.5098 41.1654 0.0102 0.02035 0.05 1.22204 1 0.05 0 25 -10 
0.672785 -5.42689 -2.02228e-09 -4.30668 -0.0383875 0.855208 0.20803 -0.0999592 1.07517 -1.7282 4.8166 -1.0945 3.29018 -0.263944 -1.34057 -2.13659 0.295993 0.197983 0.0799914 
90.5098 35.4991 0.0102 0.02035 0.05 1.22204 1 0.05 0 25 -10 
0.672787 -5.42689 -1.69065e-09 -4.3067 -0.0383894 0.855206 0.208026 -0.0999654 1.07516 -1.7282 4.8166 -1.09452 3.29018 -0.263952 -1.34057 -2.13659 0.295994 0.197985 0.0799927 
90.5098 30.5863 0.0102 0.02035 0.05 1.22204 1 0.05 0 25 -10 
0.672789 -5.42689 -1.41312e-09 -4.30671 -0.038391 0.855205 0.208022 -0.0999707 1.07515 -1.7282 4.8166 -1.09453 3.29018 -0.26396 -1.34058 -2.13659 0.295995 0.197988 0.0799938 
90.5098 26.3313 0.0102 0.02035 0.05 1.22204 1 0.05 0 25 -10 
0.672791 -5.42689 -1.18091e-09 -4.30673 -0.0383924 0.855205 0.208018 -0.0999752 1.07514 -1.7282 4.8166 -1.09454 3.29018 -0.263966 -1.34058 -2.13659 0.295996 0.197989 0.0799947 
90.5098 22.6498 0.0102 0.02035 0.05 1.22204 1 0.05 0 25 -10 
0.672792 -5.4269 -9.86654e-10 -4.30674 -0.0383935 0.855204 0.208016 -0.099979 1.07514 -1.7282 4.8166 -1.09455 3.29019 -0.263971 -1.34058 -2.13659 0.295997 0.197991 0.0799955 
90.5098 19.4675 0.0102 0.02035 0.05 1.22204 1 0.05 0 25 -10 
0.672793 -5.4269 -8.24193e-10 -4.30675 -0.0383945 0.855203 0.208013 -0.0999822 1.07513 -1.7282 4.8166 -1.09456 3.29019 -0.263975 -1.34058 -2.13659 0.295997 0.197992 0.0799962 
90.5098 16.7194 0.0102 0.02035 0.05 1.22204 1 0.05 0 25 -10 
0.672794 -5.4269 -6.8835e-10 -4.30675 -0.0383954 0.855203 0.208011 -0.099985 1.07513 -1.7282 4.8166 -1.09456 3.29019 -0.263979 -1.34059 -2.1366 0.295998 0.197994 0.0799968 
90.5097 14.3484 0.0102 0.02035 0.05 1.22204 1 0.05 0 25 -10 
0.672795 -5.4269 -5.74786e-10 -4.30676 -0.0383961 0.855202 0.20801 -0.0999873 1.07512 -1.7282 4.8166 -1.09457 3.29019 -0.263982 -1.34059 -2.1366 0.295998 0.197995 0.0799973 
90.5097 12.3047 0.0102 0.02035 0.05 1.22204 1 0.05 0 25 -10 
0.672796 -5.4269 -4.79868e-10 -4.30677 -0.0383967 0.855202 0.208008 -0.0999892 1.07512 -1.7282 4.8166 -1.09457 3.29019 -0.263985 -1.34059 -2.1366 0.295998 0.197995 0.0799977 
