#comment
time[s] TB-x[cm] TB-y[cm] TB-z[cm] TM-x[cm] TM-y[cm] TM-z[cm] TT-x[cm] TT-y[cm] TT-z[cm] UL-x[cm] UL-y[cm] UL-z[cm] LL-x[cm] LL-y[cm] LL-z[cm] JAW-x[cm] JAW-y[cm] JAW-z[cm]
0 -1.7392812 -1.4046575 -0.012407488 0.91789748 -0.18434838 -0.0069269752 3.9491105 -1.3339646 -0.0051871163 6.9169491 0.45648933 -0 6.6169491 -2.3372107 -0 4.2894638 -1.9912367 -0
0.005 -1.7392812 -1.4046575 -0.012407488 0.91789748 -0.18434838 -0.0069269752 3.9491105 -1.3339646 -0.0051871163 6.9169491 0.45648933 -0 6.6169491 -2.3372107 -0 4.2894638 -1.9912367 -0
0.01 -1.7392812 -1.4046575 -0.012407488 0.91789748 -0.18434838 -0.0069269752 3.9491105 -1.3339646 -0.0051871163 6.9169491 0.45648933 -0 6.6169491 -2.3372107 -0 4.2894638 -1.9912367 -0
0.015 -1.7392812 -1.4046575 -0.012407488 0.91789748 -0.18434838 -0.0069269752 3.9491105 -1.3339646 -0.0051871163 6.9169491 0.45648933 -0 6.6169491 -2.3372107 -0 4.2894638 -1.9912367 -0
0.02 -1.7392812 -1.4046575 -0.012407488 0.91789748 -0.18434838 -0.0069269752 3.9491105 -1.3339646 -0.0051871163 6.9169491 0.45648933 -0 6.6169491 -2.3372107 -0 4.2894638 -1.9912367 -0
0.025 -1.7392812 -1.4046575 -0.012407488 0.91789748 -0.18434838 -0.0069269752 3.9491105 -1.3339646 -0.0051871163 6.9169491 0.45648933 -0 6.6169491 -2.3372107 -0 4.2894638 -1.9912367 -0
0.03 -1.7392812 -1.4046575 -0.012407488 0.91789748 -0.18434838 -0.0069269752 3.9491105 -1.3339646 -0.0051871163 6.9169491 0.45648933 -0 6.6169491 -2.3372107 -0 4.2894638 -1.9912367 -0
0.035 -1.7392812 -1.4046575 -0.012407488 0.91789748 -0.18434838 -0.0069269752 3.9491105 -1.3339646 -0.0051871163 6.9169491 0.45648933 -0 6.6169491 -2.3372107 -0 4.2894638 -1.9912367 -0
0.04 -1.7392812 -1.4046575 -0.012407488 0.91789748 -0.18434838 -0.0069269752 3.9491105 -1.3339646 -0.0051871163 6.9169491 0.45648933 -0 6.6169491 -2.3372107 -0 4.2894638 -1.9912367 -0
0.045 -1.7392812 -1.4046575 -0.012407488 0.91789748 -0.18434838 -0.0069269752 3.9491105 -1.3339646 -0.0051871163 6.9169491 0.45648933 -0 6.6169491 -2.3372107 -0 4.2894638 -1.9912367 -0
0.05 -1.7392812 -1.4046575 -0.012407488 0.91789748 -0.18434838 -0.0069269752 3.9491105 -1.3339646 -0.0051871163 6.9169491 0.45648933 -0 6.6169491 -2.3372107 -0 4.2894638 -1.9912367 -0
0.055 -1.7392812 -1.4046575 -0.012407488 0.91789748 -0.18434838 -0.0069269752 3.9491105 -1.3339646 -0.0051871163 6.9169491 0.45648933 -0 6.6169491 -2.3372107 -0 4.2894638 -1.9912367 -0
0.06 -1.7392812 -1.4046575 -0.012407488 0.91789748 -0.18434838 -0.0069269752 3.9491105 -1.3339646 -0.0051871163 6.9169491 0.45648933 -0 6.6169491 -2.3372107 -0 4.2894638 -1.9912367 -0
0.065 -1.7392812 -1.4046575 -0.012407488 0.91789748 -0.18434838 -0.0069269752 3.9491105 -1.3339646 -0.0051871163 6.9169491 0.45648933 -0 6.6169491 -2.3372107 -0 4.2894638 -1.9912367 -0
0.07 -1.7392812 -1.4046575 -0.012407488 0.91789748 -0.18434838 -0.0069269752 3.9491105 -1.3339646 -0.0051871163 6.9169491 0.45648933 -0 6.6169491 -2.3372107 -0 4.2894638 -1.9912367 -0
0.075 -1.7392821 -1.4046598 -0.012407487 0.91789626 -0.18434989 -0.0069269751 3.9491104 -1.3339632 -0.0051871163 6.9169493 0.45648754 -0 6.6169493 -2.337208 -0 4.2894641 -1.9912358 -0
0.08 -1.7394012 -1.4049592 -0.012407306 0.91773602 -0.18454672 -0.0069269649 3.9490954 -1.3337825 -0.0051871161 6.9169761 0.45625298 -0 6.6169761 -2.3368527 -0 4.2895053 -1.9911245 -0
0.085 -1.7403206 -1.4072723 -0.01240591 0.91649939 -0.1860652 -0.0069268863 3.9489796 -1.3323865 -0.005187115 6.9171831 0.45444153 -0 6.6171831 -2.3341095 -0 4.2898235 -1.9902643 -0
0.09 -1.7431824 -1.414483 -0.012401565 0.91265794 -0.19077519 -0.0069266416 3.9486162 -1.3280388 -0.0051871116 6.9178276 0.4488012 -0 6.6178276 -2.3255678 -0 4.2908137 -1.9875857 -0
0.095 -1.749101 -1.4290895 -0.0195542 0.90489933 -0.20025413 -0.0068522912 3.9478661 -1.3192069 -0.0052136885 6.9191362 0.43735034 -0 6.6191362 -2.3082256 -0 4.292822 -1.9821467 -0
0.1 -1.758354 -1.4525098 -0.021357039 0.89267086 -0.21508958 -0.0086532631 3.9466392 -1.3051562 -0.0052589892 6.921216 0.41915048 -0 6.621216 -2.2806594 -0 4.2960086 -1.9734996 -0
0.105 -1.7708458 -1.4845576 -0.021338002 0.87624236 -0.23480726 -0.0081144752 3.9449051 -1.286059 -0.0052471457 6.9240392 0.39444745 -0 6.6240392 -2.2432381 -0 4.300323 -1.9617575 -0
0.11 -1.7858748 -1.5239746 -0.013197456 0.85647924 -0.2581518 -0.0069191825 3.9426886 -1.2627997 -0.0052328019 6.9274717 0.3644116 -0 6.6274717 -2.1977303 -0 4.3055522 -1.9474728 -0
0.115 -1.8029017 -1.5685594 -0.014930823 0.83451759 -0.28355129 -0.0061905998 3.9400604 -1.2366708 -0.0052778448 6.9313202 0.33073464 -0 6.6313202 -2.1466953 -0 4.3113935 -1.9314463 -0
0.12 -1.8208891 -1.6161186 -0.018425959 0.81150736 -0.30949611 -0.0046689498 3.9371235 -1.2090917 -0.0036716461 6.9353748 0.29525018 -0 6.6353748 -2.0929093 -0 4.3175235 -1.9145479 -0
0.125 -1.8389093 -1.6645058 -0.018398514 0.788446 -0.33487191 -0.0056643845 3.9340063 -1.1813529 -0.0066928864 6.9394412 0.25965434 -0 6.6394412 -2.0389421 -0 4.323647 -1.8975846 -0
0.13 -1.8562854 -1.7118119 -0.015202573 0.76617379 -0.35868625 -0.0052615829 3.9308299 -1.1545799 -0.0066928864 6.9433602 0.22534121 -0 6.6433602 -1.9869081 -0 4.3295254 -1.8812213 -0
0.135 -1.8726077 -1.7564986 -0.013903304 0.74529964 -0.38036854 -0.004918561 3.9277092 -1.1295936 -0.0013427734 6.9470144 0.19333623 -0 6.6470144 -1.9383641 -0 4.3349868 -1.8659488 -0
0.14 -1.8875313 -1.7975306 -0.013880908 0.72623011 -0.39963697 -0.0059281708 3.9247578 -1.1068373 -0.0097351074 6.9503287 0.16429921 -0 6.6503287 -1.8943133 -0 4.3399237 -1.8520843 -0
0.145 -1.9007004 -1.8342897 -0.013860834 0.70925051 -0.41630904 -0.0077774582 3.9222002 -1.0857096 -0.047944641 6.9532643 0.13856987 -0 6.6532643 -1.8552787 -0 4.3442823 -1.8397971 -0
0.15 -1.9092681 -1.866498 -0.013839187 0.69536909 -0.42857469 -0.0061218005 3.9199043 -1.0685967 -0.013196945 6.9558075 0.11624276 -0 6.6558075 -1.8214936 -0 4.3480242 -1.8292128 -0
0.155 -1.9053723 -1.8944638 -0.012530268 0.68696191 -0.43142962 -0.0060154873 3.9190718 -1.0513565 -0.011665344 6.9579581 0.097245466 -0 6.6579581 -1.7930936 -0 4.3510899 -1.8205167 -0
0.16 -1.8798365 -1.919459 -0.011753227 0.68637102 -0.41899658 -0.0056510732 3.9203815 -1.0331299 -0.011665344 6.9597281 0.081385406 -0 6.6597281 -1.7700728 -0 4.3534268 -1.813873 -0
0.165 -1.8264258 -1.9438829 -0.0094279738 0.69453003 -0.38662746 -0.0059855591 3.924308 -1.0125008 -0.011665344 6.9611427 0.068383885 -0 6.6611427 -1.7522007 -0 4.3550253 -1.8093209 -0
0.17 -1.7424683 -1.9712021 -0.0087711552 0.71072059 -0.33171758 -0.005604342 3.9308706 -0.98860538 -0.013196945 6.9622384 0.05790919 -0 6.6622384 -1.7390171 -0 4.3559305 -1.8067403 -0
0.175 -1.6305785 -2.0040875 -0.012918663 0.73337443 -0.25299407 -0.0057354272 3.9397617 -0.96119193 -0.013196945 6.9630591 0.049607628 -0 6.6630591 -1.7298905 -0 4.356233 -1.8058778 -0
0.18 -1.4948272 -2.0441182 -0.035093385 0.76113069 -0.1506676 -0.007708023 3.9505954 -0.93041066 -0.013196945 6.9636492 0.043130517 -0 6.6636492 -1.7241027 -0 4.3560487 -1.8063975 -0
0.185 -1.3393008 -2.0908079 -0.039578753 0.79323178 -0.02897795 -0.0066314013 3.963042 -0.896672 -0.014144516 6.9638033 0.038303925 -0 6.6638033 -1.7208608 -0 4.3552954 -1.8077721 -0
0.19 -1.172622 -2.1395851 -0.039657652 0.82767069 0.08789785 -0.0080941221 3.9767619 -0.86036117 -0.014144516 6.9621021 0.03572725 -0 6.6621021 -1.7190957 -0 4.3528801 -1.8086853 -0
0.195 -1.008733 -2.1831596 -0.041997418 0.86495571 0.18990865 -0.024055471 3.9913856 -0.82195074 -0.014144516 6.9561339 0.036642704 -0 6.6561339 -1.7175588 -0 4.3468752 -1.8072095 -0
0.2 -0.86074878 -2.2150284 -0.034900344 0.90567137 0.27585288 -0.028645833 4.0068347 -0.78190189 -0.013196945 6.9437732 0.042153565 -0 6.6437732 -1.7151879 -0 4.335574 -1.8016791 -0
0.205 -0.73899256 -2.2313037 -0.034952631 0.94934609 0.34588795 0 4.0227784 -0.74151375 -0.013763428 6.9240185 0.052707783 -0 6.6240185 -1.7113375 -0 4.3181839 -1.7912602 -0
0.21 -0.64565811 -2.2312081 -0.03433126 0.99415302 0.40381095 -0.0088541667 4.0385074 -0.7025844 -0.013763428 6.8971463 0.067999841 -0 6.5971463 -1.7058114 -0 4.2949544 -1.7760481 -0
0.215 -0.57954595 -2.2162789 -0.032562976 1.0381826 0.4513343 0 4.0532281 -0.66662967 -0.013763428 6.8644324 0.087139197 -0 6.5644324 -1.6987705 -0 4.2669503 -1.7568599 -0
0.22 -0.536736 -2.1895228 -0.031299271 1.0795395 0.49081176 0 4.0661822 -0.63468777 -0.016560872 6.8277175 0.10891462 -0 6.5277175 -1.6905954 -0 4.235697 -1.7349168 -0
0.225 -0.51282284 -2.1544967 -0.030557009 1.1172694 0.52271813 0 4.0768095 -0.60725571 -0.016560872 6.7889986 0.13204278 -0 6.4889986 -1.6817569 -0 4.2028474 -1.7115485 -0
0.23 -0.50299506 -2.1147051 -0.030411387 1.1504485 0.54907934 0 4.0849312 -0.5842818 -0.016560872 6.7531495 0.15535023 -0 6.4531495 -1.6727191 -0 4.1699334 -1.687979 -0
0.235 -0.50302964 -2.0731757 -0.030413425 1.1790609 0.57036725 0 4.0906994 -0.56538312 -0.016560872 6.7192712 0.1778788 -0 6.4192712 -1.6638795 -0 4.1382187 -1.6652047 -0
0.24 -0.5094545 -2.0322818 -0.029679033 1.2033225 0.58727064 0 4.0944719 -0.55002918 -0.012532552 6.6876688 0.1989261 -0 6.3876688 -1.6555413 -0 4.1086368 -1.6439498 -0
0.245 -0.51962573 -1.9937102 -0.028371486 1.2235887 0.60056793 0 4.0966684 -0.53767214 -0.012532552 6.6589944 0.21804024 -0 6.3589944 -1.647909 -0 4.0817914 -1.6246737 -0
0.25 -0.53169506 -1.9585192 -0.028971569 1.2402946 0.61098093 0 4.0976067 -0.52786525 -0.011757294 6.6335834 0.23498733 -0 6.3335834 -1.6410974 -0 4.0579951 -1.607608 -0
0.255 -0.54396474 -1.9273129 -0.022293228 1.2539052 0.61911717 0 4.0977719 -0.52007423 -0.010414521 6.611518 0.2497069 -0 6.311518 -1.6351483 -0 4.0373258 -1.5928063 -0
0.26 -0.55596488 -1.900214 -0.022297808 1.265031 0.62495456 0 4.0974561 -0.51391469 -0.010414521 6.5926948 0.26226527 -0 6.2926948 -1.6300486 -0 4.0196886 -1.5801934 -0
0.265 -0.56662341 -1.8771938 -0.022301948 1.2739483 0.62939814 0 4.0968736 -0.5090681 -0.011189779 6.5768857 0.27281317 -0 6.2768857 -1.6257478 -0 4.0048719 -1.5696106 -0
0.27 -0.57610045 -1.8579168 -0.022609769 1.2810243 0.63280461 -0.0001015473 4.0961727 -0.50527288 -0.011189779 6.5637904 0.28155056 -0 6.2637904 -1.6221724 -0 3.9925961 -1.5608514 -0
0.275 -0.5842928 -1.842005 -0.022612887 1.2865948 0.63540883 -0.0001015473 4.0954498 -0.50231512 -0.011189779 6.5530758 0.28869943 -0 6.2530758 -1.6192377 -0 3.9825506 -1.5536889 -0
0.28 -0.59123434 -1.8290335 -0.022615509 1.2910013 0.63720177 -0.00067885256 4.0947631 -0.50002112 -0.011189779 6.55 0.29448419 -0 6.2444057 -1.6168564 -0 3.974421 -1.5478954 -0
0.285 -0.59718732 -1.8197859 -0.022617679 1.292131 0.63781391 -0.00067885256 4.0935179 -0.49368836 -0.011189779 6.55 0.2991144 -0 6.2374662 -1.6149479 -0 3.9679201 -1.5432628 -0
0.29 -0.60165957 -1.8132278 -0.022619453 1.2923028 0.63804386 0 4.0932081 -0.4864513 -0.011189779 6.55 0.30269087 -0 6.2321118 -1.6135289 -0 3.9630562 -1.5397694 -0
0.295 -0.60330045 -1.8097161 -0.022620896 1.2931209 0.63831416 0 4.0969177 -0.47812871 -0.011189779 6.55 0.30509365 -0 6.2285401 -1.6128224 -0 3.9604624 -1.5377836 -0
0.3 -0.60049806 -1.8104279 -0.022084355 1.2953171 0.63880107 0 4.1081147 -0.46616139 -0.01060815 6.55 0.30611108 -0 6.2270908 -1.6131292 -0 3.9610097 -1.5378238 -0
0.305 -0.59288179 -1.8208482 -0.022623037 1.2904397 0.63718649 0 4.1265193 -0.43067555 -0.014748368 6.55 0.30569841 -0 6.2280661 -1.6148092 -0 3.9653444 -1.5402758 -0
0.31 -0.57901971 -1.8395378 -0.022623845 1.2834483 0.63469771 0 4.1540041 -0.37915912 -0.0089598495 6.55 0.30459065 -0 6.2321993 -1.6191843 -0 3.9740439 -1.5454919 -0
0.315 -0.55786837 -1.866866 -0.02262454 1.2759166 0.63139142 0 4.1899189 -0.31378417 -0.0048749287 6.55 0.30436564 -0 6.2407454 -1.6286794 -0 3.9876934 -1.5538423 -0
0.32 -0.52790315 -1.902713 -0.022625157 1.2695445 0.62752456 0 4.2327489 -0.23849635 -0.0053710938 6.5547497 0.30666561 -0 6.2547497 -1.6455377 -0 4.0065079 -1.565482 -0
0.325 -0.49062846 -1.9458491 -0.023342674 1.2655525 0.62362262 0 4.2805695 -0.15781707 -0.0053710938 6.5745062 0.31256776 -0 6.2745062 -1.6708279 -0 4.0301002 -1.5802025 -0
0.33 -0.44729338 -1.9945751 -0.028410102 1.2645493 0.61986202 0 4.331329 -0.075973917 -0.0071614583 6.5994632 0.32237909 -0 6.2994632 -1.7042026 -0 4.0575256 -1.5974495 -0
0.335 -0.3996031 -2.046872 -0.028410587 1.2665024 0.61618826 0 4.3830306 0.0036569023 -0.0097351074 6.6284287 0.33573514 -0 6.3284287 -1.7441772 -0 4.0874899 -1.6164399 -0
0.34 -0.35063695 -2.1004943 -0.029723156 1.2708691 0.61253851 0 4.4338384 0.078687326 -0.011189779 6.6598827 0.35183108 -0 6.3598827 -1.7886131 -0 4.1185921 -1.6363045 -0
0.345 -0.30195421 -2.1535523 -0.030440522 1.2767746 0.6090845 0 4.4821682 0.14754795 -0.012532552 6.6922666 0.36966475 -0 6.3922666 -1.835189 -0 4.1495248 -1.6562111 -0
0.35 -0.25479864 -2.1956047 -0.029723939 1.2995147 0.61286198 0 4.5358309 0.10730289 0.0062906901 6.724191 0.38823064 -0 6.424191 -1.8817544 -0 4.1792024 -1.6754492 -0
0.355 -0.21292527 -2.2471184 -0.029129104 1.2983881 0.60632859 -0.0012867496 4.5475248 0.094359339 -0.016560872 6.7545512 0.40664686 -0 6.4545512 -1.9265413 -0 4.20682 -1.6934736 -0
0.36 -0.20175641 -2.2944879 -0.030441515 1.285554 0.5944767 -0.0021606416 4.5430336 0.098894013 -0.016560872 6.7825658 0.42421991 -0 6.4825658 -1.9682507 -0 4.2318571 -1.709915 -0
0.365 -0.20004969 -2.3345981 -0.03115872 1.2745381 0.58306176 -0.0027670211 4.5401309 0.10237699 -0.019582113 6.8077769 0.4404622 -0 6.5077769 -2.0060507 -0 4.2540477 -1.7245674 -0
0.37 -0.19880331 -2.3701395 -0.031146351 1.2638813 0.57204709 -0.0049363246 4.5359303 0.10769081 -0.019582113 6.8329292 0.45507848 -0 6.5329292 -2.0395191 -0 4.2733315 -1.7373619 -0
0.375 -0.1976526 -2.3999436 -0.032042272 1.2559906 0.56266113 -0.0049947583 4.5336613 0.11056778 -0.034312407 6.8547062 0.46793545 -0 6.5547062 -2.0685618 -0 4.2898019 -1.7483349 -0
0.38 -0.19668567 -2.4244396 -0.032006934 1.2505306 0.55494465 -0.0045227065 4.533092 0.1113023 -0.034170787 6.8732397 0.47902494 -0 6.5732397 -2.0933253 -0 4.3036556 -1.757597 -0
0.385 -0.19604612 -2.4453617 -0.031981863 1.2450128 0.54776011 -0.0041866883 4.5311822 0.1137283 -0.034312407 6.8887751 0.48842758 -0 6.5887751 -2.1141161 -0 4.3151505 -1.7653046 -0
0.39 -0.19563487 -2.4626775 -0.032597809 1.2401735 0.5416818 -0.0042605564 4.5291944 0.11625032 -0.034312407 6.9016224 0.49628077 -0 6.6016224 -2.1313338 -0 4.3245725 -1.7716374 -0
0.395 -0.19530009 -2.476664 -0.032551175 1.236541 0.53644616 -0.0034310417 4.5277033 0.11814337 -0.019582113 6.9121191 0.50275285 -0 6.6121191 -2.1454191 -0 4.3322108 -1.7767815 -0
0.4 -0.19504791 -2.4878501 -0.032503944 1.2336641 0.53231726 -0.0027223498 4.526594 0.11955247 -0.019582113 6.9206023 0.50802349 -0 6.6206023 -2.1568157 -0 4.3383418 -1.7809169 -0
0.405 -0.19488932 -2.4967146 -0.033041709 1.231405 0.52908423 -0.00292603 4.5257741 0.12059458 -0.019582113 6.9273912 0.51227001 -0 6.6273912 -2.1659459 -0 4.3432184 -1.7842105 -0
0.41 -0.19474675 -2.5036909 -0.033041749 1.2296456 0.52656634 -0.00292603 4.5251665 0.12136577 -0.019582113 6.9327757 0.51565848 -0 6.6327757 -2.1731946 -0 4.3470654 -1.7868112 -0
0.415 -0.19463857 -2.509139 -0.033041779 1.2283061 0.5245812 -0.00292603 4.5247195 0.1219331 -0.019582113 6.9370117 0.51833865 -0 6.6370117 -2.1789025 -0 4.3500772 -1.788849 -0
0.42 -0.19455702 -2.5133561 -0.033065802 1.2273459 0.52294353 -0.0033522578 4.5243919 0.12234909 -0.027150949 6.9403191 0.52043969 -0 6.6403191 -2.1833605 -0 4.352419 -1.7904335 -0
0.425 -0.1944501 -2.5160458 -0.033065646 1.2266796 0.52192456 -0.0033522578 4.5241872 0.12260996 -0.027150949 6.9428714 0.52195837 -0 6.6428714 -2.1866497 -0 4.3542426 -1.7916157 -0
0.43 -0.19412171 -2.5149396 -0.033064552 1.2265555 0.52248603 -0.0033522578 4.5242391 0.12254952 -0.027150949 6.9447668 0.52246949 -0 6.6447668 -2.1882243 -0 4.3557263 -1.7922852 -0
0.435 -0.1933113 -2.5065166 -0.033061395 1.2274946 0.5259778 -0.0033522578 4.5248094 0.12184174 -0.027150949 6.9460488 0.5212818 -0 6.6460488 -2.1871393 -0 4.357058 -1.7922277 -0
0.44 -0.19190009 -2.4878426 -0.032557456 1.2301328 0.5333533 -0.0034310417 4.526264 0.1200283 -0.019582113 6.9467523 0.51783494 -0 6.6467523 -2.1826279 -0 4.3583894 -1.7912686 -0
0.445 -0.19016635 -2.4576535 -0.031958553 1.2348393 0.54496855 -0.0045306816 4.5289589 0.11666264 -0.034312407 6.946932 0.51192691 -0 6.646932 -2.1744326 -0 4.3598102 -1.7893563 -0
0.45 -0.18888386 -2.4173359 -0.032560506 1.240585 0.55904185 -0.005420986 4.5311873 0.11390569 -0.034312407 6.9466678 0.50373658 -0 6.6466678 -2.1628397 -0 4.3613485 -1.7865712 -0
0.455 -0.18845257 -2.3690119 -0.031828167 1.2472657 0.57406771 -0.0023742107 4.5328081 0.11194594 -0.019582113 6.9460571 0.49372567 -0 6.6460571 -2.1485388 -0 4.3629859 -1.7830915 -0
0.46 -0.18930582 -2.3139474 -0.03068856 1.2573656 0.58992403 -0.0011384171 4.5374222 0.10624168 -0.019582113 6.9452028 0.48250324 -0 6.6452028 -2.1324285 -0 4.3646764 -1.7791455 -0
0.465 -0.23983504 -2.2514206 -0.029953764 1.2605857 0.60109872 -0.0023058074 4.5383445 0.10520972 -0.044923147 6.9442013 0.47070356 -0 6.6442013 -2.1154402 -0 4.3663642 -1.7749686 -0
0.47 -0.29784408 -2.1892172 -0.028868012 1.2645869 0.61027732 -0.0024672749 4.5413775 0.10154387 -0.00056648254 6.9431358 0.45889934 -0 6.6431358 -2.0984135 -0 4.3679959 -1.7707722 -0
0.475 -0.35568737 -2.1323258 -0.029505364 1.2662511 0.61696669 -0.0011566403 4.5422374 0.10061038 -0.00056648254 6.9420719 0.44755285 -0 6.6420719 -2.082026 -0 4.3695277 -1.766727 -0
0.48 -0.41065674 -2.0811907 -0.029155359 1.2677984 0.62136855 -0.000751734 4.5434605 0.09926594 -0.00056648254 6.9410572 0.43699851 -0 6.6410572 -2.0667687 -0 4.3709286 -1.7629565 -0
0.485 -0.46225172 -2.0482574 -0.028325499 1.2464275 0.61754074 -0.000751734 4.5099786 0.12570914 -0.00056648254 6.9401232 0.42744727 -0 6.6401232 -2.0529519 -0 4.3721807 -1.7595392 -0
0.49 -0.5077442 -2.0165364 -0.028435309 1.2348217 0.61613226 -0.0026213171 4.484966 0.09352871 -0.00056648254 6.9392873 0.41900356 -0 6.6392873 -2.040731 -0 4.3732771 -1.7565148 -0
0.495 -0.54773044 -1.9893129 -0.027468112 1.2260561 0.61504595 -0.0026213171 4.4658654 0.064686032 -0.00056648254 6.9385566 0.41168779 -0 6.6385566 -2.0301381 -0 4.3742201 -1.7538921 -0
0.5 -0.58225966 -1.9670508 -0.026428255 1.2182037 0.61383153 -0.0026213171 4.449561 0.04016051 -0.00056648254 6.9379303 0.40545946 -0 6.6379303 -2.021117 -0 4.3750183 -1.7516578 -0
0.505 -0.61068296 -1.9491066 -0.025205216 1.2113318 0.61261456 -0.0029131415 4.4358608 0.019622207 -0.00056648254 6.9374025 0.40023803 -0 6.6374025 -2.0135522 -0 4.3756844 -1.7497836 -0
0.51 -0.6344705 -1.9347344 -0.026032833 1.2054428 0.61147532 -0.0038409712 4.4245089 0.002653822 -0.00056648254 6.9369642 0.39592005 -0 6.6369642 -2.0072951 -0 4.3762332 -1.7482331 -0
0.515 -0.65397755 -1.9233218 -0.025607421 1.2005082 0.61038149 -0.0030611517 4.4152196 -0.011197303 -0.00056648254 6.9366049 0.39239243 -0 6.6366049 -2.0021823 -0 4.3766802 -1.7469659 -0
0.52 -0.66975627 -1.9143287 -0.024726961 1.1964518 0.60940495 -0.004328057 4.4077072 -0.02238404 -0.0031414032 6.936314 0.38955324 -0 6.636314 -1.998055 -0 4.3770393 -1.745935 -0
0.525 -0.68117914 -1.9075379 -0.022057468 1.1935597 0.60898697 -0.0059016196 4.4017717 -0.031598058 -0.0031414032 6.9360858 0.38760367 -0 6.6360858 -1.9948863 -0 4.3772937 -1.7449255 -0
0.53 -0.68531181 -1.9033215 -0.024893206 1.1931028 0.61040538 -0.0059016196 4.3974386 -0.040060923 -0.0031414032 6.9359271 0.387482 -0 6.6359271 -1.9929665 -0 4.3773517 -1.7433091 -0
0.535 -0.67741121 -1.9023534 -0.024663736 1.1969009 0.61496505 -0.0017918197 4.3948716 -0.049189908 -0.0029053688 6.9358503 0.39043103 -0 6.6358503 -1.9927247 -0 4.3770902 -1.7402941 -0
0.54 -0.65457873 -1.9050959 -0.023111632 1.2063069 0.62396215 -0.0039726821 4.3942354 -0.060040009 -0.0029053688 6.9358631 0.39734457 -0 6.6358631 -1.9944571 -0 4.3764195 -1.7353005 -0
0.545 -0.61660996 -1.911655 -0.024193211 1.2220315 0.63741901 -0.0034534065 4.395624 -0.073058081 -0.0029053688 6.9359637 0.40845524 -0 6.6359637 -1.9981974 -0 4.375315 -1.7281382 -0
0.55 -0.56455673 -1.9218366 -0.023925776 1.2440105 0.65455657 -0.00081819363 4.3990306 -0.088125567 -0.0017466545 6.9361413 0.42335307 -0 6.6361413 -2.0037229 -0 4.3738153 -1.7189957 -0
0.555 -0.50197244 -1.9350779 -0.025151296 1.2716208 0.67402872 -9.8360254e-05 4.4043287 -0.10473939 -0.0017466545 6.9363785 0.44117983 -0 6.6363785 -2.0106337 -0 4.372004 -1.7083269 -0
0.56 -0.43321508 -1.9505103 -0.025123301 1.3037874 0.69456802 -0.00017013666 4.4112525 -0.12224483 -0.0030212402 6.9366556 0.46086552 -0 6.6366556 -2.0184495 -0 4.3699878 -1.6967136 -0
0.565 -0.36211798 -1.9671713 -0.025328215 1.3391786 0.71511695 -0.00017013666 4.4194062 -0.13998957 -0.0030212402 6.9369531 0.48132987 -0 6.6369531 -2.0266922 -0 4.3678762 -1.6847491 -0
0.57 -0.29261497 -1.9840345 -0.026336053 1.3763688 0.7348715 -9.5895206e-05 4.4283134 -0.15738545 -0.0017028809 6.9372542 0.50161969 -0 6.6372542 -2.0349416 -0 4.365768 -1.672958 -0
0.575 -0.22690447 -2.0002838 -0.026127876 1.4139648 0.75329032 -9.5895206e-05 4.4374858 -0.17394117 -0.0017028809 6.9375455 0.52098165 -0 6.6375455 -2.0428649 -0 4.3637431 -1.6617541 -0
0.58 -0.16747819 -2.0152311 -0.026127685 1.4506965 0.77008813 -9.5895206e-05 4.4464822 -0.18929589 -0.0017028809 6.9378175 0.5388837 -0 6.6378175 -2.0502252 -0 4.3618598 -1.6514276 -0
0.585 -0.1140055 -2.0285752 -0.024798959 1.4854757 0.78521825 -4.2534164e-05 4.4549575 -0.20320365 -0.00075531006 6.9380641 0.5550022 -0 6.6380641 -2.0568755 -0 4.3601552 -1.6421521 -0
0.59 -0.067933494 -2.0400701 -0.026539595 1.5174199 0.79884274 -4.2534164e-05 4.4626809 -0.21552596 -0.00075531006 6.9382824 0.5691898 -0 6.6382824 -2.0627449 -0 4.3586479 -1.6340031 -0
0.595 -0.028408261 -2.0497693 -0.018900333 1.5461374 0.81075799 -0.00028098327 4.4695287 -0.22621937 -0.004989624 6.9384715 0.58143597 -0 6.6384715 -2.0678219 -0 4.3573416 -1.6269797 -0
0.6 0.0045024063 -2.0577456 -0.018505871 1.5714291 0.82100538 -4.2534164e-05 4.4754433 -0.23536551 -0.00075531006 6.9386326 0.59182754 -0 6.6386326 -2.0721372 -0 4.3562295 -1.621027 -0
0.605 0.032090543 -2.0642463 -0.018525789 1.5932241 0.82976102 -0.00013114701 4.4804694 -0.24303024 -0.0023288727 6.9387676 0.60051392 -0 6.6387676 -2.0757494 -0 4.3552972 -1.6160559 -0
0.61 0.054447195 -2.0694267 -0.023922455 1.6115072 0.83746858 -0.00058578996 4.4846729 -0.24935169 -0.010402298 6.9388792 0.60767881 -0 6.6388792 -2.0787322 -0 4.3545264 -1.6119588 -0
0.615 0.072704179 -2.0735406 -0.023932178 1.6270055 0.84343744 -0.00030422131 4.4881209 -0.25454179 -0.0054022789 6.9389703 0.61351877 -0 6.6389703 -2.0811656 -0 4.3538969 -1.6086216 -0
0.62 0.087345324 -2.076766 -0.023973566 1.6397084 0.84840464 -0.0010394729 4.4909378 -0.25869145 -0.018458676 6.9390439 0.61822815 -0 6.6390439 -2.0831294 -0 4.3533885 -1.6059318 -0
0.625 0.099187798 -2.0792986 -0.018610461 1.6499648 0.8525318 -0.0010084746 4.4931892 -0.26203742 -0.017908216 6.9391027 0.62198919 -0 6.6391027 -2.0846988 -0 4.352982 -1.6037848 -0
0.63 0.10836678 -2.0813571 -0.018562791 1.6580388 0.85589459 -0.00084649431 4.4950431 -0.26463808 -0.015031815 6.9391537 0.624934 -0 6.6391537 -2.0859746 -0 4.3526643 -1.6021461 -0
0.635 0.11544859 -2.08401 -0.018563424 1.6633243 0.8584531 -0.00084649431 4.4970788 -0.26623591 -0.015031815 6.9392339 0.62694846 -0 6.6392339 -2.0872752 -0 4.3524553 -1.601411 -0
0.64 0.12064328 -2.089166 -0.01857629 1.6642486 0.86002738 -0.00036429724 4.5003261 -0.26620616 -0.0064690908 6.9394127 0.62765478 -0 6.6394127 -2.0891536 -0 4.3524101 -1.602436 -0
0.645 0.12410739 -2.0985979 -0.018581004 1.6592233 0.86063451 -0.00036429724 4.5057798 -0.26391943 -0.0064690908 6.9397561 0.6266748 -0 6.6397561 -2.0921352 -0 4.3525823 -1.6060533 -0
0.65 0.12584456 -2.1131039 -0.023949174 1.6474128 0.86080789 -0.00084649431 4.5140287 -0.25904125 -0.015031815 6.9402999 0.6238331 -0 6.6402999 -2.0965174 -0 4.3529951 -1.6126971 -0
0.655 0.12648087 -2.1324134 -0.024961189 1.6300448 0.85970992 -0.0010084746 4.5251482 -0.25161122 -0.017908216 6.9410416 0.61921272 -0 6.6410416 -2.1023166 -0 4.3536335 -1.6223039 -0
0.66 0.12644103 -2.1553944 -0.01961315 1.6079777 0.85853332 -0.0010084746 4.5387809 -0.24199641 -0.017908216 6.9419484 0.61310867 -0 6.6419484 -2.1093178 -0 4.3544524 -1.6344006 -0
0.665 0.12556129 -2.1804626 -0.0212951 1.5830194 0.85734753 -0.0010394729 4.554284 -0.23077367 -0.018458676 6.9429691 0.60594025 -0 6.6429691 -2.1171656 -0 4.3553905 -1.6482698 -0
0.67 0.12426507 -2.2061175 -0.026674827 1.5568188 0.85626364 -0.0010394729 4.5708791 -0.21860015 -0.018458676 6.944047 0.59816368 -0 6.644047 -2.1254543 -0 4.3563842 -1.6631135 -0
0.675 0.11159057 -2.2290408 -0.026890547 1.5297353 0.85461808 -0.00013114701 4.5876574 -0.20595101 -0.0023288727 6.9451293 0.59020555 -0 6.6451293 -2.1337968 -0 4.3573777 -1.6781785 -0
0.68 0.088731067 -2.2486163 -0.02531915 1.5031764 0.85281171 -4.2534164e-05 4.6039783 -0.19345809 -0.00075531006 6.9461728 0.58242217 -0 6.6461728 -2.1418675 -0 4.3583276 -1.6928335 -0
0.685 0.067280389 -2.2663894 -0.025336273 1.4788283 0.85166214 -4.2534164e-05 4.6194321 -0.18169258 -0.00075531006 6.9471456 0.5750814 -0 6.6471456 -2.1494222 -0 4.3592038 -1.7066044 -0
0.69 0.046948721 -2.2821355 -0.025884001 1.4571725 0.84913367 -4.2534164e-05 4.6332134 -0.17080713 -0.00075531006 6.9480239 0.56834844 -0 6.6480239 -2.1563139 -0 4.3599802 -1.7192017 -0
0.695 0.025337147 -2.2957735 -0.024938595 1.4367346 0.84257723 -4.2534164e-05 4.6436745 -0.16053381 -0.00075531006 6.9487854 0.56227421 -0 6.6487854 -2.1625055 -0 4.3606181 -1.7305436 -0
0.7 -0.001302402 -2.3071553 -0.024951595 1.4166948 0.82677331 -4.2534164e-05 4.6489987 -0.15038092 -0.00075531006 6.9494117 0.55683056 -0 6.6494117 -2.1680357 -0 4.3610766 -1.7406911 -0
0.705 -0.035640201 -2.3160478 -0.024965295 1.3961423 0.79921842 -4.2534164e-05 4.6481605 -0.13990674 -0.00075531006 6.9498945 0.55195834 -0 6.6498945 -2.1729714 -0 4.3613302 -1.7497607 -0
0.71 -0.078655665 -2.3220829 -0.027125386 1.3759688 0.75798079 -9.5895206e-05 4.6413292 -0.12882884 -0.0017028809 6.9502372 0.54759795 -0 6.6502372 -2.1773784 -0 4.361377 -1.7578677 -0
0.715 -0.12921713 -2.3249065 -0.026452874 1.3567248 0.70551721 -3.1900623e-05 4.6297055 -0.11699414 -0.00056648254 6.9504531 0.54370156 -0 6.6504531 -2.1813088 -0 4.3612371 -1.7651047 -0
0.72 -0.18539892 -2.32423 -0.027780704 1.3396778 0.64475779 -3.1900623e-05 4.6150382 -0.10431546 -0.00056648254 6.9505623 0.54023377 -0 6.6505623 -2.1848014 -0 4.3609452 -1.7715401 -0
0.725 -0.24440759 -2.320074 -0.028523327 1.3260925 0.57875153 -0.00020699523 4.5990936 -0.090764071 -0.00056648254 6.9505874 0.53716762 -0 6.6505874 -2.1878856 -0 4.3605433 -1.7772262 -0
0.73 -0.30365624 -2.3127617 -0.029791187 1.3163939 0.51125545 -0.0031575265 4.5832217 -0.076536325 -0.00056648254 6.9505509 0.53447971 -0 6.6505509 -2.1905866 -0 4.360073 -1.7822079 -0
0.735 -0.36089836 -2.3029116 -0.031448055 1.3105853 0.44515399 -0.011619122 4.5684356 -0.061699962 -0.00056648254 6.9504731 0.53214664 -0 6.6504731 -2.1929291 -0 4.3595719 -1.78653 -0
0.74 -0.41434366 -2.2913327 -0.033791683 1.3081963 0.3827366 -0.028645833 4.5552024 -0.046606039 -0.00056648254 6.9503709 0.53014302 -0 6.6503709 -2.1949396 -0 4.3590701 -1.7902403 -0
0.745 -0.46261022 -2.2789004 -0.034837485 1.3087757 0.3246986 -0.014101728 4.543665 -0.031699465 -0.00056648254 6.9502573 0.52844092 -0 6.6502573 -2.1966466 -0 4.3585901 -1.7933912 -0
0.75 -0.50537963 -2.266309 -0.034818102 1.3111624 0.2729002 -0.024984332 4.5337813 -0.017690647 -0.00056648254 6.950092 0.52696792 -0 6.650092 -2.1981005 -0 4.3581228 -1.7961076 -0
0.755 -0.54459025 -2.253598 -0.03480183 1.3140982 0.22759463 -0.025940271 4.5253695 -0.0070207235 -0.00056648254 6.9494837 0.52535532 -0 6.6494837 -2.1994918 -0 4.357485 -1.7989951 -0
0.76 -0.58762525 -2.2397858 -0.034789493 1.3149432 0.18913719 -0.01587782 4.5180376 -0.0039853449 -0.00056648254 6.9476648 0.52291716 -0 6.6476648 -2.2011602 -0 4.3563075 -1.8031741 -0
0.765 -0.62683081 -2.2266965 -0.034781796 1.3141803 0.15859518 -0.025969601 4.5118902 -0.012778906 -0.00056648254 6.9438955 0.51899518 -0 6.6438955 -2.2034311 -0 4.3542299 -1.8097209 -0
0.77 -0.6640908 -2.2137439 -0.034778989 1.3104422 0.13504899 -0.025013662 4.5066152 -0.035577392 -0.00056648254 6.9377745 0.51322415 -0 6.6377745 -2.2064896 -0 4.3510505 -1.8192377 -0
0.775 -0.70088557 -2.2008649 -0.034780794 1.3036105 0.11768326 -0.027064586 4.5020446 -0.072223991 -0.00056648254 6.9293219 0.50560238 -0 6.6293219 -2.2103474 -0 4.3467677 -1.8317382 -0
0.78 -0.73668797 -2.1888283 -0.034786515 1.2948534 0.10554275 -0.027064586 4.498173 -0.12060699 -0.00056648254 6.9189046 0.49642671 -0 6.6189046 -2.2148734 -0 4.3415465 -1.8467517 -0
0.785 -0.77028764 -2.1777409 -0.03479522 1.2848888 0.09707084 -0.016972805 4.4948861 -0.17745635 -0.00056648254 6.9070981 0.48617262 -0 6.6070981 -2.2198517 -0 4.3356544 -1.8635156 -0
0.79 -0.80306317 -2.1671745 -0.034805912 1.2742891 0.09146929 -0.027438543 4.4920918 -0.23909753 -0.0072071075 6.8945487 0.47537548 -0 6.5945487 -2.2250378 -0 4.3293973 -1.8811666 -0
0.795 -0.8338176 -2.15729 -0.041979121 1.2637975 0.087433001 -0.025884099 4.4897435 -0.30209255 -0.0097820282 6.8818686 0.46454052 -0 6.5818686 -2.230202 -0 4.3230694 -1.8988866 -0
0.8 -0.8620804 -2.1481424 -0.041991145 1.2538713 0.084459469 -0.027505003 4.4878009 -0.36359012 -0.0083872795 6.8695711 0.45408807 -0 6.5695711 -2.2351543 -0 4.3169213 -1.9159916 -0
0.805 -0.8875029 -2.1398094 -0.042002839 1.2448205 0.081983281 -0.028645833 4.4862256 -0.42144413 -0.0083872795 6.8580416 0.44433006 -0 6.5580416 -2.2397558 -0 4.3111442 -1.9319716 -0
0.81 -0.91003242 -2.1323095 -0.042013778 1.2367875 0.079618926 -0.0071614583 4.4849741 -0.47425369 -0.0089081128 6.847535 0.43546881 -0 6.547535 -2.2439184 -0 4.3058673 -1.9464938 -0
0.815 -0.92972735 -2.1256658 -0.034862241 1.2297736 0.078115802 -0.028645833 4.4839991 -0.52126137 -0.0088643392 6.8384946 0.42760957 -0 6.5384946 -2.2475986 -0 4.3011629 -1.9593828 -0
0.82 -0.94682254 -2.1198435 -0.042032472 1.2237912 0.07633922 -0.028645833 4.4832598 -0.56217346 -0.015990194 6.8316797 0.4207795 -0 6.5316797 -2.2507883 -0 4.2970561 -1.9705913 -0
0.825 -0.96120232 -2.1148603 -0.042040065 1.2187483 0.0744063 -0.0071614583 4.4827019 -0.59718805 -0.017563756 6.8258481 0.41494818 -0 6.5258481 -2.2535057 -0 4.2935363 -1.9801661 -0
0.83 -0.97306399 -2.1106728 -0.036675424 1.2145546 0.073375045 -0.021484375 4.4822781 -0.62672954 -0.009490331 6.820937 0.41004658 -0 6.520937 -2.2557856 -0 4.2905682 -1.9882183 -0
0.835 -0.98352783 -2.107076 -0.042051915 1.2111124 0.072548442 -0.028645833 4.4819765 -0.65118271 -0.012420654 6.8168591 0.40598298 -0 6.5168591 -2.2576728 -0 4.2881008 -1.9948966 -0
0.84 -0.99113327 -2.1042604 -0.038028048 1.2083102 0.071674493 -0.028645833 4.4817498 -0.67127546 -0.0048518181 6.8135154 0.40265539 -0 6.5135154 -2.2592163 -0 4.2860758 -2.0003672 -0
0.845 -0.99735176 -2.1019538 -0.034500391 1.20603 0.070340327 -0.0071614583 4.4816072 -0.6874266 -0.019582113 6.8108046 0.39996048 -0 6.5108046 -2.2604649 -0 4.2844328 -2.0047989 -0
0.85 -1.0030685 -2.0999781 -0.041660097 1.2042204 0.069644564 -0.0071614583 4.4814936 -0.7004667 -0.019582113 6.8086291 0.39779966 -0 6.5086291 -2.2614653 -0 4.2831136 -2.008353 -0
0.855 -1.0071095 -2.0984796 -0.040055938 1.2027875 0.069097008 -0.0071614583 4.4814125 -0.71083386 -0.019582113 6.8068993 0.39608273 -0 6.5068993 -2.2622596 -0 4.2820641 -2.0111776 -0
0.86 -1.0104015 -2.0972775 -0.040054738 1.2016615 0.06867085 -0.0071614583 4.4813549 -0.71900763 -0.019582113 6.8055353 0.39472974 -0 6.5055353 -2.2628851 -0 4.2812363 -2.0134037 -0
0.865 -1.0129824 -2.0963337 -0.040053797 1.2007827 0.068337843 -0.006640625 4.4813094 -0.72543109 -0.017059167 6.8044681 0.39367159 -0 6.5044681 -2.2633741 -0 4.2805884 -2.0151449 -0
0.87 -1.0149191 -2.0956092 -0.039097124 1.2001017 0.068086839 -0.006640625 4.4812804 -0.73040054 -0.017059167 6.8036389 0.39284976 -0 6.5036389 -2.2637537 -0 4.280085 -2.0164973 -0
0.875 -1.0164691 -2.0950403 -0.039096557 1.1995771 0.06789647 -0.006640625 4.4812645 -0.73420871 -0.019582113 6.8029988 0.39221557 -0 6.5029988 -2.2640465 -0 4.2796963 -2.017541 -0
0.88 -1.0176583 -2.094603 -0.03909612 1.1991752 0.067753042 -0.006640625 4.48125 -0.73715265 -0.019582113 6.8025077 0.39172907 -0 6.5025077 -2.2642711 -0 4.279398 -2.0183417 -0
0.885 -1.0185652 -2.094269 -0.039095787 1.198869 0.067645607 -0.006640625 4.4812397 -0.73939937 -0.019582113 6.8021329 0.39135792 -0 6.5021329 -2.2644424 -0 4.2791704 -2.0189525 -0
0.89 -1.0192531 -2.0940152 -0.039095533 1.1986368 0.067565549 -0.006640625 4.4812325 -0.74110518 -0.019582113 6.8018484 0.39107622 -0 6.5018484 -2.2645724 -0 4.2789976 -2.0194162 -0
0.895 -1.0197722 -2.0938233 -0.039095341 1.1984616 0.067506165 -0.006640625 4.4812274 -0.74239409 -0.019582113 6.8016334 0.39086342 -0 6.5016334 -2.2646706 -0 4.278867 -2.0197664 -0
0.9 -1.0201622 -2.0936789 -0.039095197 1.1983299 0.067462297 -0.006640625 4.4812237 -0.74336365 -0.019582113 6.8014717 0.3907034 -0 6.5014717 -2.2647444 -0 4.2787689 -2.0200298 -0
0.905 -1.020454 -2.0935708 -0.039095089 1.1982314 0.067430011 -0.006640625 4.4812212 -0.7440899 -0.019582113 6.8013507 0.39058356 -0 6.5013507 -2.2647997 -0 4.2786953 -2.0202271 -0
0.91 -1.0206713 -2.0934901 -0.039095008 1.1981579 0.067406329 -0.006640625 4.4812194 -0.74463177 -0.019582113 6.8012603 0.39049417 -0 6.5012603 -2.2648409 -0 4.2786405 -2.0203742 -0
0.915 -1.0208327 -2.0934301 -0.039094947 1.1981033 0.067389012 -0.006640625 4.4812181 -0.74503457 -0.019582113 6.8011932 0.39042773 -0 6.5011932 -2.2648715 -0 4.2785997 -2.0204835 -0
0.92 -1.0209521 -2.0933857 -0.039094903 1.1980629 0.067376385 -0.006640625 4.4812173 -0.74533295 -0.019582113 6.8011435 0.39037853 -0 6.5011435 -2.2648942 -0 4.2785695 -2.0205645 -0
0.925 -1.0210401 -2.0933529 -0.03909487 1.1980331 0.067367201 -0.006640625 4.4812166 -0.74555324 -0.019582113 6.8011068 0.39034221 -0 6.5011068 -2.2649109 -0 4.2785472 -2.0206243 -0
0.93 -1.0211048 -2.0933287 -0.039094846 1.1980112 0.067360538 -0.006640625 4.4812162 -0.74571538 -0.019582113 6.8010798 0.39031549 -0 6.5010798 -2.2649233 -0 4.2785308 -2.0206683 -0
0.935 -1.0211522 -2.093311 -0.039094828 1.1979952 0.067355716 -0.006640625 4.4812159 -0.74583437 -0.019582113 6.8010599 0.39029588 -0 6.5010599 -2.2649323 -0 4.2785188 -2.0207006 -0
0.94 -1.0211868 -2.0932981 -0.039094815 1.1979834 0.067352232 -0.006640625 4.4812157 -0.74592144 -0.019582113 6.8010454 0.39028153 -0 6.5010454 -2.2649389 -0 4.27851 -2.0207242 -0
0.945 -1.0212121 -2.0932886 -0.039094805 1.1979748 0.067349721 -0.006640625 4.4812155 -0.74598499 -0.019582113 6.8010349 0.39027106 -0 6.5010349 -2.2649437 -0 4.2785035 -2.0207414 -0
0.95 -1.0212305 -2.0932817 -0.039094798 1.1979686 0.067347914 -0.006640625 4.4812154 -0.74603126 -0.019582113 6.8010271 0.39026344 -0 6.5010271 -2.2649473 -0 4.2784989 -2.020754 -0
0.955 -1.0212438 -2.0932767 -0.039094793 1.197964 0.067346617 -0.006640625 4.4812153 -0.74606486 -0.019582113 6.8010216 0.3902579 -0 6.5010216 -2.2649498 -0 4.2784955 -2.0207631 -0
0.96 -1.0212534 -2.0932731 -0.039094789 1.1979608 0.067345687 -0.006640625 4.4812153 -0.7460892 -0.019582113 6.8010175 0.39025389 -0 6.5010175 -2.2649517 -0 4.278493 -2.0207697 -0
0.965 -1.0212604 -2.0932705 -0.039094787 1.1979584 0.067345021 -0.006640625 4.4812153 -0.74610681 -0.019582113 6.8010146 0.39025099 -0 6.5010146 -2.264953 -0 4.2784912 -2.0207744 -0
